nodeNum: 200	edgNum: 396	ave.degree: 3.96	diameter: 6
1	3	0.378
1	4	0.3204
1	5	0.9396
1	7	0.9828
1	13	0.30600000000000005
1	19	0.594
1	24	0.594
1	25	0.9828
1	27	0.9684
1	28	0.5796
1	36	0.666
1	43	0.2916
1	60	0.666
1	83	0.9396
1	99	0.3204
1	106	0.9684
1	114	0.6804
1	115	0.3204
1	154	0.5652
1	159	0.9828
2	3	0.6948
2	10	0.9828
2	16	0.9252
2	62	0.36360000000000003
2	196	0.39239999999999997
3	4	0.6372
3	5	0.5796
3	6	0.6804
3	8	0.9828
3	9	0.30600000000000005
3	10	0.738
3	11	0.7956
3	12	0.9828
3	14	0.40680000000000005
3	17	0.9684
3	18	0.9828
3	19	0.7668
3	20	0.6228
3	23	0.594
3	26	0.9828
3	29	0.5508000000000001
3	31	0.7812
3	33	0.3204
3	36	0.40680000000000005
3	48	0.9396
3	54	0.6372
3	61	0.954
3	68	0.45000000000000007
3	69	0.6084
3	87	0.5796
3	97	0.8676
3	102	0.7668
3	114	0.8244
3	118	0.4788
3	120	0.6948
3	126	0.9828
3	128	0.7812
3	134	0.46440000000000003
3	136	0.378
3	137	0.9396
3	139	0.9828
3	145	0.9828
3	150	0.39239999999999997
3	164	0.2916
3	170	0.9828
3	174	0.2916
3	175	0.9828
3	177	0.3204
3	181	0.9828
3	186	0.9828
3	192	0.3204
3	193	0.9828
3	197	0.9828
3	200	0.6948
4	6	0.9684
4	8	0.9396
4	25	0.9828
4	28	0.40680000000000005
4	41	0.6948
4	55	0.45000000000000007
4	60	0.8244
4	99	0.7668
4	120	0.9828
4	134	0.666
4	138	0.6948
4	145	0.5796
4	150	0.8964
4	177	0.9396
5	11	0.30600000000000005
5	15	0.39239999999999997
5	26	0.45000000000000007
5	29	0.8244
5	32	0.9828
5	37	0.9684
5	64	0.7812
5	72	0.2916
5	73	0.8388
5	76	0.5796
5	84	0.3348
5	111	0.6228
5	139	0.9828
5	147	0.3204
5	160	0.9828
5	187	0.5364
6	7	0.6372
6	13	0.9828
6	21	0.8244
6	31	0.9828
6	40	0.30600000000000005
6	62	0.36360000000000003
6	97	0.6804
6	102	0.8388
6	105	0.39239999999999997
6	106	0.9684
6	107	0.7668
6	117	0.46440000000000003
6	132	0.9828
6	159	0.9828
7	27	0.594
7	30	0.6948
7	46	0.39239999999999997
7	66	0.40680000000000005
7	72	0.3348
7	74	0.9828
7	79	0.9684
7	81	0.9828
7	105	0.378
7	110	0.7812
7	123	0.5796
7	140	0.9828
7	168	0.9684
7	195	0.594
8	9	0.738
8	14	0.9828
8	32	0.738
8	37	0.40680000000000005
8	38	0.594
8	52	0.9828
8	56	0.40680000000000005
8	82	0.36360000000000003
8	121	0.9828
8	126	0.666
8	131	0.45000000000000007
8	173	0.9828
8	183	0.9828
8	196	0.666
9	195	0.6372
10	12	0.2916
10	15	0.7956
10	18	0.7668
10	20	0.9684
10	87	0.39239999999999997
10	95	0.7956
11	69	0.40680000000000005
11	104	0.9828
11	144	0.9684
11	155	0.8532
11	175	0.36360000000000003
11	180	0.6516000000000001
11	185	0.9828
12	16	0.6516000000000001
12	21	0.46440000000000003
12	58	0.40680000000000005
12	111	0.30600000000000005
12	116	0.39239999999999997
12	163	0.2916
13	44	0.6372
13	65	0.40680000000000005
13	172	0.594
15	39	0.5652
15	94	0.9684
16	17	0.666
16	23	0.30600000000000005
16	38	0.9828
16	42	0.9828
16	48	0.30600000000000005
16	66	0.7524000000000001
16	118	0.4356
16	127	0.3348
16	137	0.30600000000000005
16	162	0.7668
17	22	0.3348
17	89	0.7956
17	100	0.3348
18	24	0.5652
18	30	0.9828
18	34	0.9828
18	45	0.40680000000000005
18	47	0.39239999999999997
18	51	0.5508000000000001
18	90	0.9828
18	153	0.6084
19	22	0.9828
19	33	0.5076
19	35	0.5796
19	40	0.6372
19	41	0.36360000000000003
19	49	0.6228
19	53	0.6372
19	58	0.9828
19	65	0.9828
19	67	0.9828
19	68	0.9828
19	70	0.594
19	75	0.2772
19	77	0.7668
19	91	0.3348
19	108	0.9828
19	122	0.9828
19	132	0.8532
19	141	0.9828
19	144	0.9828
19	154	0.954
19	157	0.6372
19	167	0.9828
20	43	0.8964
20	49	0.6804
21	42	0.30600000000000005
21	59	0.6516000000000001
21	109	0.2916
21	188	0.6804
22	101	0.3204
22	181	0.5508000000000001
23	50	0.2916
23	130	0.49319999999999997
23	140	0.8532
23	198	0.6372
24	39	0.9828
24	44	0.7668
24	53	0.40680000000000005
25	71	0.9828
25	79	0.6372
25	89	0.9828
25	93	0.666
25	119	0.5652
25	135	0.594
25	149	0.36360000000000003
25	158	0.378
26	55	0.7668
26	84	0.738
26	88	0.39239999999999997
27	82	0.9828
27	171	0.40680000000000005
27	194	0.5796
28	142	0.8964
28	162	0.9396
29	90	0.5652
29	136	0.8532
29	156	0.9828
29	184	0.4212
30	63	0.9828
30	133	0.6372
30	147	0.9252
30	161	0.9828
32	34	0.6804
32	54	0.4356
32	56	0.3204
32	124	0.8244
33	51	0.738
33	85	0.4356
33	130	0.3348
34	35	0.40680000000000005
34	45	0.36360000000000003
34	70	0.81
34	91	0.9828
34	95	0.3348
34	103	0.7668
34	113	0.9828
35	46	0.3204
36	76	0.5364
36	115	0.3204
36	128	0.738
37	63	0.2916
37	86	0.9828
39	50	0.6804
39	52	0.738
39	74	0.5076
39	119	0.9828
39	192	0.6516000000000001
40	78	0.7668
40	80	0.5796
40	129	0.9108
41	103	0.30600000000000005
41	165	0.6804
41	200	0.7956
42	47	0.6948
42	59	0.9828
43	57	0.9828
43	92	0.9828
45	61	0.9828
45	73	0.9828
45	78	0.6516000000000001
45	98	0.8532
45	104	0.5652
45	107	0.34920000000000007
45	108	0.6372
45	197	0.30600000000000005
46	57	0.6372
46	77	0.2772
46	122	0.8964
47	64	0.9828
47	153	0.8244
47	178	0.8964
51	88	0.9828
51	141	0.39239999999999997
51	198	0.6372
52	121	0.9396
53	96	0.594
53	149	0.6084
53	189	0.5652
54	110	0.5652
54	125	0.9828
55	96	0.36360000000000003
56	67	0.666
56	131	0.6084
56	194	0.6948
59	83	0.9828
59	86	0.30600000000000005
60	94	0.30600000000000005
60	146	0.9828
60	185	0.3204
61	146	0.9828
62	71	0.39239999999999997
63	81	0.7668
63	112	0.954
64	184	0.45000000000000007
65	75	0.5796
65	135	0.954
66	101	0.9828
66	129	0.6516000000000001
66	158	0.9828
66	173	0.6948
66	191	0.6372
68	109	0.30600000000000005
68	179	0.6948
72	169	0.9828
72	188	0.9828
73	80	0.9684
74	100	0.6948
76	170	0.9828
77	92	0.2916
77	191	0.594
78	85	0.3348
78	116	0.738
78	123	0.6372
78	152	0.6948
79	98	0.30600000000000005
80	165	0.9828
83	152	0.2916
83	160	0.9828
84	143	0.9828
87	93	0.39239999999999997
87	112	0.9684
87	117	0.9828
87	125	0.6804
87	155	0.40680000000000005
87	190	0.9828
88	176	0.9684
88	178	0.9828
89	133	0.9828
90	127	0.8532
90	189	0.378
92	167	0.9828
93	113	0.9828
94	193	0.2916
101	138	0.4212
101	166	0.666
101	182	0.8964
104	156	0.9828
105	182	0.9828
105	199	0.9828
106	186	0.7524000000000001
109	142	0.9828
109	143	0.30600000000000005
110	151	0.7668
110	164	0.40680000000000005
112	166	0.6948
114	157	0.3348
118	124	0.30600000000000005
118	151	0.8388
118	176	0.5364
118	179	0.4356
118	190	0.8244
119	148	0.9828
120	187	0.3204
126	171	0.2916
132	174	0.36360000000000003
147	148	0.9828
147	163	0.3204
147	180	0.2916
153	172	0.9828
157	199	0.594
158	161	0.6804
161	168	0.9684
166	169	0.3348
175	183	0.9828
