nodeNum: 2000	edgNum: 3996	ave.degree: 3.996	diameter: 7
1	3	0.6372
1	5	0.9828
1	25	0.9684
1	59	0.9396
1	143	0.8964
1	153	0.9828
1	171	0.40680000000000005
1	375	0.522
1	431	0.30600000000000005
1	438	0.8532
1	468	0.6948
1	489	0.49319999999999997
1	877	0.9828
1	1476	0.8532
2	3	0.882
2	4	0.30600000000000005
2	6	0.5652
2	20	0.7956
2	24	0.9828
2	33	0.7524000000000001
2	36	0.9252
2	38	0.9828
2	70	0.6804
2	77	0.3348
2	90	0.40680000000000005
2	91	0.8532
2	99	0.7668
2	105	0.6084
2	107	0.666
2	112	0.9828
2	118	0.2916
2	120	0.40680000000000005
2	148	0.81
2	165	0.3348
2	168	0.39239999999999997
2	206	0.9828
2	234	0.6372
2	266	0.8964
2	280	0.9396
2	328	0.7668
2	331	0.9396
2	389	0.9828
2	392	0.8532
2	414	0.30600000000000005
2	439	0.40680000000000005
2	475	0.8964
2	501	0.9828
2	543	0.30600000000000005
2	552	0.36360000000000003
2	577	0.7236
2	681	0.9828
2	686	0.9828
2	741	0.7668
2	832	0.9828
2	1073	0.9828
2	1157	0.666
2	1194	0.9828
2	1282	0.5364
2	1289	0.6372
2	1290	0.7668
2	1325	0.9252
2	1432	0.6948
2	1584	0.7668
2	1611	0.6372
2	1669	0.9828
2	1771	0.9684
2	1782	0.8388
2	1914	0.6372
2	1976	0.40680000000000005
2	1977	0.36360000000000003
3	4	0.9828
3	7	0.6948
3	14	0.7956
3	15	0.9828
3	35	0.9684
3	43	0.6372
3	68	0.9828
3	73	0.4212
3	76	0.40680000000000005
3	88	0.7668
3	94	0.30600000000000005
3	103	0.45000000000000007
3	140	0.9828
3	151	0.5652
3	158	0.2916
3	160	0.9828
3	190	0.7236
3	241	0.9828
3	265	0.4212
3	296	0.30600000000000005
3	343	0.30600000000000005
3	379	0.4356
3	399	0.9252
3	510	0.8244
3	707	0.594
3	713	0.40680000000000005
3	765	0.4356
3	780	0.8244
3	782	0.2916
3	783	0.7668
3	792	0.30600000000000005
3	976	0.594
3	989	0.7668
3	991	0.39239999999999997
3	1007	0.39239999999999997
3	1043	0.9396
3	1063	0.4788
3	1067	0.9828
3	1105	0.2916
3	1124	0.666
3	1239	0.5796
3	1301	0.3348
3	1319	0.30600000000000005
3	1426	0.9828
3	1434	0.2916
3	1522	0.594
3	1596	0.9828
3	1658	0.9828
3	1706	0.6948
3	1804	0.45000000000000007
3	1860	0.6228
3	1909	0.8676
3	1931	0.6948
4	5	0.6948
4	6	0.9828
4	10	0.30600000000000005
4	13	0.666
4	16	0.8244
4	22	0.5652
4	23	0.9828
4	29	0.4356
4	38	0.39239999999999997
4	56	0.9252
4	78	0.3348
4	79	0.36360000000000003
4	100	0.8532
4	107	0.9828
4	108	0.9828
4	128	0.882
4	129	0.6372
4	139	0.39239999999999997
4	205	0.40680000000000005
4	234	0.9828
4	246	0.882
4	268	0.7668
4	269	0.954
4	270	0.9828
4	294	0.45000000000000007
4	419	0.9828
4	424	0.9828
4	438	0.9828
4	455	0.5796
4	469	0.9828
4	496	0.9828
4	522	0.4356
4	529	0.954
4	571	0.40680000000000005
4	657	0.3348
4	710	0.666
4	717	0.9684
4	735	0.8244
4	771	0.6372
4	813	0.9828
4	829	0.9252
4	840	0.9828
4	861	0.9828
4	932	0.40680000000000005
4	937	0.9828
4	940	0.954
4	1000	0.36360000000000003
4	1018	0.3204
4	1035	0.9828
4	1065	0.6228
4	1147	0.9828
4	1150	0.39239999999999997
4	1171	0.9828
4	1177	0.40680000000000005
4	1211	0.45000000000000007
4	1219	0.9828
4	1244	0.954
4	1284	0.6804
4	1289	0.30600000000000005
4	1377	0.6084
4	1404	0.40680000000000005
4	1499	0.40680000000000005
4	1526	0.6372
4	1740	0.40680000000000005
4	1824	0.882
4	1850	0.594
4	1957	0.7668
4	1996	0.3348
5	7	0.9828
5	8	0.9828
5	10	0.7236
5	11	0.6804
5	12	0.40680000000000005
5	13	0.9252
5	14	0.3348
5	18	0.9828
5	26	0.9828
5	28	0.7668
5	31	0.30600000000000005
5	37	0.8244
5	42	0.666
5	47	0.7812
5	55	0.666
5	61	0.2916
5	64	0.40680000000000005
5	74	0.9828
5	80	0.6372
5	82	0.6084
5	93	0.40680000000000005
5	96	0.9684
5	105	0.6372
5	119	0.5364
5	122	0.9828
5	123	0.7524000000000001
5	132	0.9828
5	157	0.40680000000000005
5	170	0.7668
5	184	0.40680000000000005
5	194	0.4788
5	197	0.9828
5	207	0.6084
5	218	0.7668
5	237	0.9828
5	261	0.9828
5	269	0.3348
5	279	0.3348
5	287	0.9108
5	338	0.40680000000000005
5	350	0.46440000000000003
5	353	0.6228
5	360	0.6948
5	371	0.40680000000000005
5	405	0.39239999999999997
5	421	0.9684
5	427	0.7668
5	476	0.9828
5	487	0.6228
5	521	0.3204
5	545	0.882
5	562	0.9828
5	579	0.45000000000000007
5	620	0.2916
5	663	0.45000000000000007
5	664	0.36360000000000003
5	667	0.40680000000000005
5	679	0.39239999999999997
5	682	0.9828
5	719	0.40680000000000005
5	758	0.9828
5	846	0.45000000000000007
5	854	0.2916
5	892	0.9684
5	964	0.30600000000000005
5	966	0.8244
5	1019	0.6516000000000001
5	1031	0.9828
5	1060	0.6804
5	1099	0.9828
5	1102	0.9828
5	1108	0.9828
5	1201	0.9828
5	1288	0.882
5	1302	0.7524000000000001
5	1308	0.9828
5	1322	0.9828
5	1332	0.45000000000000007
5	1336	0.9396
5	1358	0.9828
5	1381	0.5796
5	1387	0.8388
5	1411	0.9828
5	1413	0.6372
5	1439	0.9828
5	1494	0.9828
5	1556	0.8244
5	1616	0.30600000000000005
5	1620	0.9828
5	1732	0.8676
5	1742	0.4788
5	1744	0.9252
5	1759	0.4788
5	1819	0.2916
5	1865	0.5796
5	1888	0.9252
5	1933	0.7524000000000001
5	1946	0.9828
5	1947	0.8676
5	1954	0.7812
5	1981	0.8388
6	16	0.954
6	19	0.9828
6	66	0.9828
6	186	0.7236
6	200	0.9828
6	207	0.954
6	418	0.2916
6	447	0.9828
6	622	0.378
6	1050	0.9828
6	1090	0.8244
6	1151	0.5364
6	1555	0.5796
6	1647	0.46440000000000003
6	1799	0.666
6	1842	0.9828
6	1891	0.954
7	8	0.6084
7	9	0.882
7	34	0.9828
7	69	0.9828
7	135	0.666
7	150	0.8964
7	167	0.9828
7	191	0.9828
7	221	0.7812
7	231	0.9828
7	244	0.5796
7	323	0.9252
7	334	0.8244
7	396	0.6804
7	402	0.9828
7	463	0.9828
7	466	0.49319999999999997
7	478	0.5076
7	610	0.6084
7	637	0.9828
7	683	0.7956
7	725	0.7812
7	773	0.9828
7	778	0.8388
7	806	0.9828
7	847	0.5652
7	882	0.2916
7	887	0.30600000000000005
7	897	0.7668
7	917	0.5364
7	1020	0.46440000000000003
7	1054	0.7668
7	1058	0.30600000000000005
7	1062	0.39239999999999997
7	1080	0.2916
7	1134	0.7236
7	1141	0.30600000000000005
7	1165	0.30600000000000005
7	1296	0.9396
7	1615	0.9828
7	1624	0.7668
7	1650	0.2772
7	1786	0.9828
7	1836	0.9396
7	1863	0.30600000000000005
7	1991	0.666
8	9	0.3204
8	11	0.9828
8	15	0.7236
8	20	0.9828
8	22	0.39239999999999997
8	23	0.5076
8	26	0.9828
8	27	0.9684
8	30	0.9828
8	36	0.6948
8	41	0.36360000000000003
8	44	0.9828
8	63	0.9828
8	70	0.49319999999999997
8	83	0.9828
8	100	0.3348
8	101	0.9828
8	102	0.5076
8	115	0.9396
8	133	0.666
8	136	0.666
8	152	0.3204
8	155	0.6804
8	160	0.45000000000000007
8	166	0.9828
8	181	0.9828
8	183	0.6372
8	189	0.9828
8	192	0.9252
8	211	0.9828
8	220	0.9828
8	242	0.36360000000000003
8	246	0.9828
8	250	0.9108
8	259	0.45000000000000007
8	264	0.4356
8	284	0.8244
8	294	0.9828
8	369	0.8532
8	372	0.9828
8	397	0.7668
8	443	0.9252
8	479	0.9828
8	490	0.5796
8	539	0.666
8	578	0.9828
8	588	0.594
8	596	0.594
8	600	0.954
8	622	0.9828
8	625	0.9828
8	659	0.30600000000000005
8	690	0.9252
8	700	0.30600000000000005
8	749	0.9828
8	765	0.7956
8	777	0.34920000000000007
8	791	0.9828
8	916	0.39239999999999997
8	926	0.6804
8	927	0.9828
8	939	0.34920000000000007
8	942	0.8532
8	957	0.4356
8	1002	0.5364
8	1058	0.3204
8	1103	0.2772
8	1137	0.9828
8	1165	0.30600000000000005
8	1209	0.8244
8	1212	0.5364
8	1249	0.8244
8	1272	0.9396
8	1350	0.8532
8	1380	0.49319999999999997
8	1395	0.8964
8	1457	0.9828
8	1517	0.4212
8	1536	0.6084
8	1586	0.46440000000000003
8	1724	0.7524000000000001
8	1725	0.39239999999999997
8	1886	0.36360000000000003
8	1964	0.9396
8	1966	0.6804
9	17	0.3204
9	21	0.4788
9	224	0.30600000000000005
9	451	0.9828
9	833	0.9828
9	950	0.5652
9	963	0.9828
9	1034	0.6372
9	1153	0.9828
9	1168	0.9828
9	1261	0.5796
9	1326	0.594
9	1444	0.7668
10	85	0.9828
10	371	0.6372
10	425	0.40680000000000005
10	462	0.378
10	466	0.9828
10	653	0.6372
10	921	0.7236
10	1022	0.30600000000000005
10	1318	0.9684
10	1691	0.9828
10	1858	0.9828
11	12	0.9396
11	54	0.5364
11	79	0.5652
11	86	0.30600000000000005
11	148	0.6804
11	226	0.9684
11	239	0.9828
11	597	0.30600000000000005
11	612	0.30600000000000005
11	615	0.30600000000000005
11	705	0.6804
11	745	0.30600000000000005
11	759	0.8964
11	804	0.8964
11	827	0.6228
11	835	0.954
11	911	0.666
11	925	0.3348
11	1039	0.882
11	1094	0.666
11	1099	0.3348
11	1145	0.6228
11	1216	0.7668
11	1252	0.3348
11	1438	0.5796
11	1575	0.8244
11	1629	0.30600000000000005
11	1646	0.9828
11	1663	0.5652
12	177	0.40680000000000005
12	312	0.9396
12	488	0.6804
12	781	0.6516000000000001
12	814	0.8388
12	885	0.8532
12	1848	0.40680000000000005
12	1880	0.9828
13	17	0.30600000000000005
13	28	0.9828
13	56	0.30600000000000005
13	126	0.9828
13	142	0.9828
13	321	0.39239999999999997
13	467	0.81
13	534	0.5796
13	536	0.9684
13	551	0.6372
13	1137	0.9684
13	1213	0.9828
13	1535	0.9396
13	1593	0.7668
14	39	0.8244
14	40	0.378
14	52	0.6372
14	60	0.378
14	69	0.9684
14	71	0.9828
14	72	0.5364
14	102	0.8244
14	120	0.738
14	124	0.7668
14	125	0.738
14	155	0.3204
14	214	0.30600000000000005
14	238	0.36360000000000003
14	254	0.3348
14	339	0.7524000000000001
14	355	0.7091999999999999
14	364	0.7668
14	376	0.3348
14	381	0.3204
14	422	0.40680000000000005
14	434	0.7668
14	477	0.8388
14	505	0.30600000000000005
14	515	0.9828
14	636	0.40680000000000005
14	676	0.30600000000000005
14	718	0.666
14	748	0.6372
14	754	0.6372
14	872	0.9828
14	1146	0.9828
14	1193	0.81
14	1216	0.30600000000000005
14	1317	0.5508000000000001
14	1349	0.9828
14	1457	0.36360000000000003
14	1654	0.9828
14	1662	0.522
14	1714	0.9396
14	1752	0.9828
14	1843	0.8676
14	1900	0.9828
15	332	0.5364
15	359	0.6948
15	411	0.9828
15	416	0.7236
15	455	0.3348
15	485	0.9828
15	574	0.7956
15	889	0.6516000000000001
15	1117	0.2916
15	1236	0.954
15	1761	0.36360000000000003
15	1857	0.9684
16	119	0.4356
16	167	0.594
16	479	0.9828
16	851	0.9828
16	1190	0.5652
16	1505	0.9684
16	1867	0.9828
17	18	0.40680000000000005
17	57	0.6084
17	150	0.40680000000000005
17	215	0.954
17	262	0.49319999999999997
17	381	0.8676
17	484	0.9684
17	536	0.40680000000000005
17	640	0.594
17	687	0.7668
17	776	0.6084
17	1029	0.45000000000000007
17	1071	0.81
17	1114	0.9396
17	1434	0.3204
17	1442	0.46440000000000003
17	1623	0.30600000000000005
17	1628	0.3348
18	19	0.40680000000000005
18	21	0.7668
18	31	0.7668
18	32	0.6948
18	58	0.7668
18	109	0.40680000000000005
18	114	0.9828
18	139	0.40680000000000005
18	141	0.9828
18	146	0.9252
18	188	0.9828
18	196	0.36360000000000003
18	202	0.9828
18	208	0.7236
18	211	0.6372
18	235	0.2916
18	242	0.9828
18	248	0.9828
18	289	0.594
18	326	0.3204
18	332	0.9828
18	337	0.7668
18	464	0.5508000000000001
18	494	0.39239999999999997
18	498	0.9828
18	519	0.8676
18	525	0.6372
18	651	0.666
18	658	0.45000000000000007
18	674	0.45000000000000007
18	702	0.2916
18	855	0.40680000000000005
18	907	0.6372
18	1081	0.9684
18	1097	0.9396
18	1172	0.9828
18	1222	0.954
18	1230	0.2772
18	1232	0.6084
18	1242	0.9828
18	1290	0.6084
18	1320	0.6948
18	1398	0.30600000000000005
18	1613	0.522
18	1644	0.3348
18	1765	0.9828
18	1771	0.2916
18	1839	0.5796
18	1862	0.7236
19	24	0.666
19	32	0.9252
19	45	0.9828
19	152	0.34920000000000007
19	238	0.9684
19	597	0.9828
19	1022	0.30600000000000005
19	1630	0.7091999999999999
20	25	0.6084
20	46	0.6516000000000001
20	49	0.9252
20	61	0.6372
20	62	0.594
20	67	0.36360000000000003
20	115	0.6372
20	135	0.40680000000000005
20	154	0.738
20	173	0.81
20	174	0.7236
20	213	0.9828
20	320	0.9252
20	401	0.882
20	419	0.9828
20	484	0.666
20	495	0.9828
20	496	0.30600000000000005
20	509	0.8244
20	570	0.5796
20	590	0.594
20	677	0.4788
20	704	0.954
20	774	0.8676
20	854	0.2772
20	856	0.2916
20	903	0.3204
20	987	0.81
20	988	0.40680000000000005
20	1077	0.8532
20	1085	0.9828
20	1220	0.954
20	1253	0.36360000000000003
20	1313	0.6372
20	1360	0.6372
20	1376	0.5652
20	1380	0.30600000000000005
20	1511	0.30600000000000005
20	1600	0.7236
20	1679	0.522
20	1723	0.594
20	1763	0.8244
20	1776	0.34920000000000007
21	37	0.9828
21	96	0.9828
21	124	0.3348
21	140	0.45000000000000007
21	147	0.9828
21	193	0.9684
21	199	0.46440000000000003
21	316	0.738
21	369	0.5508000000000001
21	424	0.9828
21	437	0.8244
21	464	0.9396
21	470	0.9828
21	523	0.882
21	591	0.7668
21	620	0.9828
21	632	0.8532
21	681	0.4356
21	689	0.9828
21	691	0.738
21	739	0.9828
21	779	0.30600000000000005
21	798	0.6372
21	842	0.7812
21	864	0.30600000000000005
21	968	0.7524000000000001
21	1150	0.5652
21	1161	0.9828
21	1573	0.9828
21	1633	0.4788
21	1661	0.8388
21	1780	0.954
21	1795	0.9684
21	1936	0.5076
22	27	0.8388
22	57	0.9828
22	75	0.30600000000000005
22	81	0.7956
22	89	0.9828
22	108	0.8964
22	122	0.6372
22	182	0.9828
22	256	0.8244
22	259	0.8244
22	344	0.30600000000000005
22	361	0.9828
22	497	0.2916
22	585	0.9684
22	591	0.666
22	631	0.30600000000000005
22	697	0.9828
22	744	0.40680000000000005
22	770	0.36360000000000003
22	775	0.6084
22	803	0.9828
22	855	0.6372
22	863	0.738
22	1073	0.9828
22	1304	0.9252
22	1337	0.6948
22	1466	0.7956
22	1745	0.9396
22	1998	0.9828
23	29	0.666
23	65	0.882
23	85	0.9684
23	99	0.6948
23	110	0.9828
23	235	0.39239999999999997
23	342	0.36360000000000003
23	511	0.40680000000000005
23	849	0.5076
23	871	0.39239999999999997
23	1328	0.3348
23	1472	0.9396
24	33	0.3348
24	39	0.9828
24	92	0.666
24	131	0.7236
24	149	0.9828
24	165	0.3348
24	173	0.2916
24	176	0.7668
24	183	0.3348
24	217	0.954
24	245	0.9828
24	286	0.5076
24	345	0.9828
24	399	0.3204
24	432	0.30600000000000005
24	660	0.738
24	699	0.7668
24	754	0.8244
24	1057	0.49319999999999997
24	1485	0.9828
24	1540	0.2916
24	1659	0.6804
25	225	0.9828
25	978	0.9396
25	1960	0.6372
25	1974	0.594
26	81	0.2916
26	177	0.7668
26	251	0.9828
26	324	0.7956
26	400	0.6804
26	458	0.30600000000000005
26	481	0.3204
26	583	0.9828
26	785	0.9828
26	1098	0.6372
26	1546	0.8532
26	1929	0.7812
27	188	0.9828
27	216	0.738
27	257	0.40680000000000005
27	272	0.30600000000000005
27	335	0.8244
27	516	0.5364
27	1202	0.594
27	1388	0.30600000000000005
27	1756	0.3204
28	30	0.5508000000000001
28	43	0.2916
28	161	0.30600000000000005
28	240	0.7668
28	292	0.2916
28	598	0.9828
28	853	0.9684
28	1093	0.39239999999999997
28	1294	0.7812
28	1852	0.666
28	1863	0.594
29	35	0.9828
29	144	0.9828
29	222	0.8388
29	300	0.9828
29	311	0.8388
29	368	0.2916
29	391	0.7236
29	405	0.594
29	542	0.9828
29	649	0.9828
29	937	0.30600000000000005
29	958	0.49319999999999997
29	967	0.8388
29	994	0.9828
29	1173	0.9828
29	1359	0.30600000000000005
29	1674	0.6084
30	40	0.9828
30	44	0.6372
30	60	0.594
30	62	0.9828
30	98	0.594
30	110	0.6228
30	134	0.36360000000000003
30	218	0.9828
30	295	0.30600000000000005
30	299	0.49319999999999997
30	347	0.7812
30	354	0.5652
30	370	0.9828
30	491	0.2916
30	546	0.9684
30	579	0.4356
30	737	0.6228
30	866	0.6372
30	965	0.9828
30	1089	0.6228
30	1366	0.9828
30	1498	0.8676
30	1934	0.9828
31	34	0.6228
31	41	0.6948
31	90	0.36360000000000003
31	317	0.2916
31	356	0.2916
31	441	0.7812
31	508	0.6948
31	673	0.34920000000000007
31	753	0.8532
31	1158	0.9828
31	1528	0.378
31	1877	0.9828
31	1905	0.882
31	1915	0.9828
32	53	0.5796
32	74	0.9828
32	98	0.6948
32	172	0.9828
32	225	0.40680000000000005
32	329	0.7236
32	342	0.738
32	451	0.738
32	457	0.5796
32	631	0.7668
32	901	0.9396
32	1074	0.8532
32	1368	0.45000000000000007
33	1345	0.30600000000000005
34	42	0.36360000000000003
34	195	0.9252
34	205	0.738
34	474	0.666
34	860	0.9828
34	979	0.9396
34	1254	0.40680000000000005
34	1521	0.9828
34	1692	0.40680000000000005
35	77	0.2916
35	170	0.6372
35	219	0.5076
35	543	0.6228
35	593	0.30600000000000005
35	895	0.6372
35	1063	0.9828
35	1346	0.7524000000000001
35	1527	0.46440000000000003
35	1702	0.8388
35	1730	0.9828
35	1806	0.9396
35	1892	0.6804
35	1899	0.5796
36	49	0.6228
36	97	0.3348
36	136	0.7524000000000001
36	178	0.7668
36	190	0.6084
36	274	0.3204
36	280	0.9828
36	322	0.9828
36	362	0.8532
36	387	0.594
36	391	0.30600000000000005
36	459	0.9684
36	557	0.36360000000000003
36	823	0.8964
36	830	0.9828
36	973	0.30600000000000005
36	1186	0.9828
36	1323	0.2916
36	1825	0.666
36	1852	0.9684
36	1866	0.9396
37	48	0.6372
37	366	0.8244
37	367	0.39239999999999997
38	48	0.2772
38	143	0.7668
38	378	0.30600000000000005
38	410	0.954
38	643	0.9828
38	704	0.5652
38	735	0.6948
38	761	0.9828
38	1277	0.7668
38	1753	0.9828
38	1933	0.9828
39	54	0.5364
39	87	0.9684
39	151	0.2772
39	382	0.9828
39	393	0.9828
39	866	0.9828
39	934	0.9828
39	1234	0.6948
39	1499	0.8388
39	1724	0.5652
40	50	0.2916
40	51	0.30600000000000005
40	82	0.6372
40	95	0.666
40	106	0.3348
40	109	0.9828
40	163	0.9828
40	197	0.9828
40	453	0.30600000000000005
40	573	0.9828
40	577	0.9828
40	963	0.9828
40	968	0.9252
40	983	0.9828
40	1224	0.4356
40	1738	0.9828
40	1867	0.9108
41	45	0.3348
41	66	0.6372
41	76	0.30600000000000005
41	83	0.9828
41	134	0.2916
41	204	0.39239999999999997
41	349	0.8244
41	502	0.9684
41	538	0.9684
41	567	0.9828
41	703	0.9684
41	923	0.9828
41	949	0.594
41	961	0.7524000000000001
41	986	0.3204
41	1139	0.9684
41	1232	0.594
41	1419	0.666
41	1560	0.9396
41	1564	0.3348
41	1580	0.666
41	1816	0.666
41	1976	0.9252
42	253	0.7524000000000001
42	289	0.9828
42	296	0.7236
42	1091	0.45000000000000007
42	1696	0.8388
43	63	0.6948
43	147	0.9252
43	217	0.6372
43	260	0.4356
43	343	0.7524000000000001
43	482	0.9828
43	1270	0.39239999999999997
44	46	0.40680000000000005
44	47	0.30600000000000005
44	58	0.39239999999999997
44	92	0.7956
44	161	0.7812
44	227	0.40680000000000005
44	304	0.2772
44	313	0.7668
44	440	0.9396
44	602	0.7668
44	633	0.9396
44	645	0.594
44	865	0.9684
44	883	0.40680000000000005
44	978	0.9828
44	1032	0.39239999999999997
44	1200	0.7956
44	1255	0.9828
44	1277	0.5796
44	1279	0.39239999999999997
44	1364	0.8964
44	1471	0.522
44	1565	0.666
44	1767	0.2916
45	520	0.5508000000000001
45	546	0.954
45	882	0.738
46	50	0.5364
46	75	0.954
46	80	0.30600000000000005
46	89	0.3204
46	97	0.9684
46	126	0.9684
46	141	0.9828
46	180	0.7668
46	204	0.8532
46	1037	0.9828
46	1065	0.9828
46	1117	0.378
46	1291	0.9828
46	1481	0.9828
46	1591	0.666
46	1593	0.9828
46	1631	0.9828
46	1783	0.9828
46	1857	0.9252
46	1934	0.30600000000000005
47	144	0.882
47	146	0.9828
47	169	0.9828
47	182	0.39239999999999997
47	210	0.9828
47	228	0.7956
47	232	0.5652
47	276	0.7668
47	285	0.7668
47	297	0.9828
47	548	0.7956
47	598	0.9828
47	870	0.9828
47	1012	0.7668
47	1016	0.9828
47	1030	0.8964
47	1120	0.9828
47	1127	0.6372
47	1199	0.522
47	1273	0.9828
47	1403	0.522
47	1461	0.9828
48	156	0.7668
48	187	0.9828
48	368	0.7091999999999999
48	400	0.6948
48	407	0.882
48	750	0.6804
48	807	0.45000000000000007
48	841	0.36360000000000003
48	1083	0.3348
48	1570	0.3348
48	1820	0.6516000000000001
48	1895	0.9828
49	51	0.9828
49	52	0.9396
49	53	0.9684
49	55	0.9828
49	64	0.8244
49	72	0.6372
49	73	0.6084
49	95	0.30600000000000005
49	111	0.45000000000000007
49	117	0.9828
49	123	0.5364
49	127	0.9396
49	158	0.36360000000000003
49	200	0.39239999999999997
49	245	0.9828
49	256	0.6372
49	273	0.7668
49	305	0.9828
49	333	0.40680000000000005
49	336	0.49319999999999997
49	347	0.7668
49	394	0.2916
49	409	0.6228
49	445	0.9108
49	471	0.9828
49	480	0.9828
49	534	0.5652
49	1086	0.9684
49	1139	0.30600000000000005
49	1235	0.7524000000000001
49	1376	0.7668
49	1517	0.39239999999999997
49	1642	0.7668
49	1657	0.8244
49	1898	0.5652
50	78	0.9828
50	84	0.39239999999999997
50	175	0.7956
50	220	0.9828
50	586	0.9684
50	649	0.9828
50	1004	0.9828
50	1329	0.45000000000000007
50	1524	0.9828
50	1743	0.4356
51	67	0.8532
51	402	0.5076
51	1298	0.36360000000000003
52	118	0.2916
52	133	0.3348
52	284	0.8244
52	852	0.9828
52	1007	0.30600000000000005
52	1040	0.4788
52	1460	0.40680000000000005
52	1487	0.6948
52	1897	0.5796
52	1963	0.3348
53	385	0.522
53	452	0.8244
54	59	0.49319999999999997
54	113	0.6228
54	168	0.4356
54	355	0.6372
54	361	0.5652
54	1828	0.666
54	1884	0.6372
55	169	0.9828
55	198	0.4356
55	373	0.5508000000000001
55	440	0.30600000000000005
55	564	0.6372
55	623	0.7524000000000001
55	696	0.6804
55	817	0.4356
55	910	0.9684
55	962	0.9396
55	1293	0.9828
55	1612	0.3204
55	1639	0.3204
55	1951	0.8244
56	178	0.6084
56	469	0.9684
56	1211	0.9396
56	1299	0.46440000000000003
56	1829	0.9828
56	1965	0.9828
56	1993	0.7524000000000001
57	153	0.30600000000000005
57	236	0.36360000000000003
57	307	0.3348
57	319	0.36360000000000003
57	655	0.7668
57	733	0.9108
57	874	0.6372
57	972	0.9828
57	1201	0.522
57	1452	0.6948
57	1488	0.666
57	1637	0.6084
57	1838	0.9684
57	1846	0.9828
58	101	0.666
58	258	0.30600000000000005
58	262	0.9684
58	302	0.7668
58	320	0.5652
58	407	0.8676
58	847	0.9684
58	912	0.30600000000000005
58	1127	0.666
58	1147	0.9252
58	1153	0.9828
58	1735	0.40680000000000005
58	1923	0.7668
59	243	0.2772
59	290	0.9828
59	325	0.40680000000000005
59	521	0.30600000000000005
59	523	0.6948
59	788	0.666
59	1325	0.8676
59	1332	0.6804
59	1675	0.9828
59	1680	0.49319999999999997
60	65	0.6948
60	301	0.7236
60	323	0.39239999999999997
60	331	0.6372
60	423	0.6372
60	432	0.36360000000000003
60	456	0.4788
60	463	0.6084
60	627	0.8676
60	647	0.45000000000000007
60	797	0.2916
60	919	0.9828
60	1013	0.7668
60	1023	0.3348
60	1160	0.8532
60	1228	0.9108
60	1407	0.9828
60	1869	0.9252
60	1983	0.36360000000000003
61	104	0.6372
61	137	0.40680000000000005
61	212	0.2916
61	300	0.9828
61	422	0.9252
61	706	0.45000000000000007
61	857	0.9684
61	884	0.4356
61	903	0.882
61	1482	0.9828
61	1602	0.39239999999999997
62	103	0.5652
62	302	0.6804
62	1209	0.3348
63	145	0.594
63	1388	0.9252
63	1762	0.30600000000000005
64	111	0.378
64	114	0.954
64	156	0.6372
64	209	0.4788
64	363	0.5652
64	786	0.45000000000000007
64	917	0.9828
64	1295	0.9828
64	1503	0.6372
64	1694	0.5796
64	1810	0.7668
65	68	0.6228
65	138	0.6372
65	198	0.9396
65	599	0.9252
65	644	0.9828
65	894	0.7956
65	992	0.9828
65	1079	0.9828
65	1428	0.9828
66	176	0.9828
66	336	0.9828
66	718	0.9828
66	720	0.45000000000000007
66	732	0.9252
66	862	0.8244
66	980	0.6372
66	1415	0.7812
66	1510	0.8964
66	1582	0.40680000000000005
66	1901	0.3348
68	84	0.666
68	630	0.2916
68	1989	0.9684
69	71	0.9828
69	91	0.9828
69	221	0.2916
69	465	0.40680000000000005
69	1248	0.8388
69	1830	0.3348
70	87	0.40680000000000005
70	94	0.40680000000000005
70	121	0.9396
70	127	0.8964
70	196	0.7668
70	201	0.3348
70	233	0.9828
70	537	0.4356
70	662	0.9828
70	788	0.9396
70	840	0.8532
70	936	0.9828
70	1528	0.666
70	1656	0.9828
71	162	0.30600000000000005
71	358	0.2916
71	449	0.594
71	507	0.7812
71	509	0.666
71	648	0.36360000000000003
71	706	0.9828
71	783	0.8244
71	1003	0.666
71	1343	0.9828
71	1691	0.666
71	1879	0.7956
72	277	0.9684
72	286	0.9684
72	330	0.2916
72	533	0.882
72	731	0.7668
72	940	0.30600000000000005
72	1071	0.45000000000000007
72	1237	0.9828
72	1980	0.8244
73	142	0.4356
73	179	0.9828
73	267	0.5364
73	293	0.4212
73	330	0.9828
73	500	0.9828
73	634	0.7668
73	1014	0.8244
73	1078	0.9828
73	1372	0.7236
73	1950	0.6948
74	112	0.9828
74	209	0.7524000000000001
74	288	0.9396
74	349	0.4356
74	547	0.8388
74	1539	0.7812
74	1751	0.378
75	338	0.9828
75	378	0.7668
75	461	0.6372
75	595	0.5796
75	608	0.6804
75	669	0.6372
75	952	0.30600000000000005
75	1250	0.5796
75	1727	0.522
76	212	0.5796
76	459	0.3204
76	560	0.4356
76	1155	0.378
76	1602	0.3204
77	325	0.6804
77	954	0.9828
77	1743	0.39239999999999997
77	1915	0.30600000000000005
78	185	0.2916
78	224	0.9828
78	252	0.9828
78	401	0.4788
78	613	0.30600000000000005
78	822	0.2772
78	959	0.39239999999999997
78	1177	0.9828
78	1612	0.3204
78	1615	0.40680000000000005
79	483	0.30600000000000005
79	557	0.8244
79	648	0.5364
79	1225	0.954
79	1381	0.9828
79	1492	0.9828
79	1564	0.39239999999999997
80	236	0.9828
80	581	0.49319999999999997
80	771	0.6372
80	1308	0.6372
80	1366	0.378
80	1515	0.8532
80	1777	0.2916
81	132	0.9828
81	208	0.9396
81	279	0.9828
81	430	0.9828
81	1116	0.6948
81	1387	0.7812
81	1430	0.9828
81	1617	0.9252
82	86	0.5652
82	162	0.2916
82	228	0.6372
82	255	0.30600000000000005
82	379	0.7668
82	414	0.7524000000000001
82	442	0.666
82	593	0.9828
82	753	0.594
82	818	0.2916
82	1066	0.954
82	1141	0.36360000000000003
82	1421	0.9828
82	1597	0.666
83	121	0.3204
83	179	0.30600000000000005
83	189	0.2916
83	227	0.9828
83	239	0.7668
83	254	0.6372
83	273	0.4356
83	285	0.40680000000000005
83	287	0.9828
83	316	0.9828
83	507	0.738
83	553	0.9828
83	570	0.594
83	660	0.7236
83	807	0.7668
83	824	0.7524000000000001
83	1256	0.6372
83	1265	0.30600000000000005
83	1327	0.8532
83	1465	0.9396
83	1554	0.9828
83	1630	0.6372
83	1878	0.9396
83	1894	0.9828
84	93	0.6948
84	157	0.2916
84	275	0.6948
84	550	0.6372
85	88	0.3204
85	175	0.6372
85	191	0.4356
85	417	0.7668
85	470	0.9108
85	910	0.594
85	1620	0.5652
86	426	0.882
87	130	0.3348
87	1109	0.9828
87	1862	0.40680000000000005
88	129	0.4788
88	138	0.30600000000000005
88	210	0.3348
88	306	0.9684
88	327	0.3348
88	385	0.666
88	462	0.9396
88	581	0.5652
88	682	0.594
88	857	0.6084
88	926	0.7668
88	944	0.7668
88	1223	0.39239999999999997
88	1337	0.4212
88	1430	0.40680000000000005
88	1581	0.5796
88	1935	0.6948
89	750	0.9828
89	1027	0.9828
90	201	0.39239999999999997
90	398	0.3348
90	730	0.6948
90	1158	0.6804
91	1112	0.9828
91	1238	0.9828
91	1333	0.39239999999999997
91	1351	0.9684
92	515	0.9684
92	526	0.9828
93	270	0.9108
93	460	0.7668
93	941	0.40680000000000005
93	1578	0.666
93	1598	0.9828
94	639	0.6804
95	253	0.9828
95	433	0.40680000000000005
95	549	0.7812
95	799	0.2772
95	1386	0.8964
96	213	0.9828
96	675	0.9828
96	992	0.36360000000000003
96	1017	0.3204
96	1036	0.7956
96	1341	0.5796
96	1447	0.30600000000000005
96	1817	0.9252
97	263	0.5652
97	435	0.9828
98	113	0.5652
98	277	0.2916
98	384	0.9828
98	477	0.7668
98	747	0.39239999999999997
98	772	0.3204
98	886	0.6516000000000001
98	1034	0.9252
98	1206	0.81
98	1224	0.522
98	1226	0.49319999999999997
98	1378	0.8244
98	1425	0.40680000000000005
98	1866	0.6948
99	374	0.9828
99	875	0.7668
99	1369	0.3348
99	1693	0.8244
100	104	0.3348
100	125	0.6804
100	309	0.7956
100	444	0.2916
100	784	0.5652
100	892	0.40680000000000005
100	1048	0.49319999999999997
100	1398	0.6948
100	1906	0.40680000000000005
100	1986	0.9828
101	145	0.3348
101	585	0.594
101	1763	0.5508000000000001
102	193	0.666
102	223	0.9828
102	545	0.9396
102	549	0.40680000000000005
102	565	0.45000000000000007
102	587	0.9252
102	709	0.40680000000000005
102	731	0.8388
102	1050	0.3348
102	1315	0.7668
102	1342	0.7091999999999999
102	1449	0.30600000000000005
102	1618	0.39239999999999997
102	1649	0.8388
102	1741	0.9828
102	1781	0.45000000000000007
102	1919	0.7956
102	1994	0.9828
103	131	0.9396
103	493	0.9828
103	1685	0.378
104	486	0.7956
104	948	0.9828
104	999	0.5076
104	1198	0.5652
104	1394	0.49319999999999997
104	1458	0.9828
104	1605	0.738
105	106	0.9828
105	1775	0.8388
105	1928	0.522
106	116	0.666
106	202	0.9252
106	278	0.6804
106	348	0.9252
106	362	0.594
106	456	0.7956
106	465	0.6372
106	634	0.8388
106	672	0.9396
106	1187	0.30600000000000005
106	1196	0.9396
106	1321	0.39239999999999997
106	1469	0.5364
106	1662	0.9252
106	1797	0.30600000000000005
107	116	0.9828
107	1405	0.6948
107	1697	0.6372
107	1941	0.30600000000000005
108	351	0.522
108	499	0.5652
108	701	0.594
108	1100	0.8532
108	1307	0.7236
109	340	0.9828
109	1094	0.8388
109	1393	0.9828
110	163	0.738
110	601	0.9252
110	730	0.30600000000000005
110	1713	0.9684
111	117	0.5796
111	283	0.40680000000000005
111	575	0.9828
111	1002	0.3348
111	1677	0.9828
111	1720	0.9828
112	480	0.3348
112	580	0.30600000000000005
112	761	0.6228
112	1215	0.594
112	1936	0.30600000000000005
113	267	0.666
113	650	0.6228
114	172	0.882
114	1321	0.40680000000000005
115	352	0.9828
115	454	0.7956
115	689	0.6372
115	947	0.39239999999999997
115	1609	0.2916
116	232	0.30600000000000005
117	1011	0.7956
117	1142	0.2916
117	1618	0.49319999999999997
117	1802	0.3348
118	251	0.49319999999999997
118	263	0.9684
118	668	0.882
118	743	0.9828
118	749	0.6948
118	888	0.9828
118	1283	0.954
118	1491	0.9396
118	1501	0.9828
118	1683	0.9828
119	128	0.36360000000000003
119	164	0.7668
119	199	0.9828
119	281	0.666
119	304	0.9396
119	314	0.7668
119	555	0.9828
119	566	0.666
119	868	0.6372
119	974	0.9828
119	1131	0.9828
119	1425	0.9396
119	1889	0.7668
120	272	0.8244
120	454	0.6516000000000001
120	530	0.9828
120	566	0.6948
120	837	0.7812
120	1055	0.666
120	1172	0.6372
120	1468	0.30600000000000005
120	1709	0.30600000000000005
120	1887	0.9828
120	1904	0.9828
121	130	0.9684
121	303	0.9828
121	621	0.8532
121	1155	0.6228
121	1826	0.9828
122	313	0.2916
122	450	0.954
122	624	0.30600000000000005
122	1502	0.2916
123	264	0.2772
123	315	0.6372
123	485	0.9684
123	764	0.6372
123	790	0.9828
123	1770	0.9684
124	186	0.9828
124	275	0.5652
124	906	0.9828
124	1206	0.39239999999999997
125	318	0.9828
125	767	0.9828
125	1020	0.3348
126	333	0.36360000000000003
126	512	0.4356
126	820	0.8676
127	344	0.6516000000000001
127	1668	0.6804
127	1733	0.9828
128	291	0.6084
128	308	0.39239999999999997
128	351	0.954
128	448	0.6372
128	646	0.8532
129	1599	0.4788
129	1791	0.3348
130	495	0.36360000000000003
130	764	0.9828
130	965	0.9828
130	1465	0.9828
131	164	0.738
131	258	0.8532
131	327	0.3348
131	367	0.9396
131	542	0.8244
131	596	0.9828
131	766	0.34920000000000007
131	1083	0.9684
131	1512	0.36360000000000003
131	1640	0.6516000000000001
132	137	0.81
132	206	0.8244
132	215	0.4356
132	386	0.522
132	473	0.8244
132	474	0.45000000000000007
132	671	0.594
132	708	0.9828
132	716	0.40680000000000005
132	728	0.9828
132	858	0.6228
132	1000	0.6804
132	1330	0.9252
132	1556	0.34920000000000007
133	203	0.30600000000000005
133	230	0.9828
133	243	0.3348
133	600	0.7524000000000001
133	969	0.9828
133	1549	0.6516000000000001
133	1660	0.3204
134	724	0.49319999999999997
135	278	0.2916
135	337	0.594
135	802	0.6372
135	1238	0.34920000000000007
135	1925	0.9828
136	195	0.9396
136	307	0.9396
136	413	0.5364
136	434	0.9252
136	1021	0.8388
136	1044	0.5796
136	1156	0.6948
136	1500	0.40680000000000005
136	1818	0.9828
137	244	0.9828
137	1223	0.45000000000000007
137	1577	0.9828
137	1731	0.9828
137	1939	0.5364
138	154	0.666
138	403	0.9828
138	623	0.378
138	722	0.30600000000000005
138	831	0.9828
138	1236	0.522
138	1272	0.81
138	1300	0.9828
138	1311	0.738
138	1397	0.9828
138	1427	0.6084
138	1553	0.8388
138	1861	0.7091999999999999
138	1953	0.6372
139	174	0.9828
139	415	0.8244
140	341	0.46440000000000003
140	1270	0.45000000000000007
140	1471	0.9828
141	517	0.40680000000000005
141	810	0.3204
141	1208	0.7524000000000001
141	1378	0.2916
142	249	0.9828
142	274	0.5652
142	276	0.9684
142	390	0.6372
142	409	0.2916
142	482	0.2916
142	493	0.9828
142	606	0.378
142	792	0.3348
142	839	0.5796
142	918	0.30600000000000005
142	1106	0.30600000000000005
142	1111	0.39239999999999997
142	1195	0.9828
142	1534	0.36360000000000003
142	1587	0.30600000000000005
143	181	0.9828
143	297	0.2916
143	420	0.40680000000000005
143	1061	0.9252
143	1334	0.9828
143	1834	0.45000000000000007
144	192	0.6228
144	241	0.9252
144	356	0.954
144	472	0.7668
144	639	0.3204
144	703	0.40680000000000005
144	794	0.49319999999999997
144	912	0.9828
144	941	0.9828
145	1758	0.5652
146	359	0.9828
146	394	0.6372
146	441	0.9828
146	538	0.39239999999999997
146	889	0.954
147	149	0.594
147	159	0.9828
147	223	0.40680000000000005
147	346	0.39239999999999997
147	583	0.49319999999999997
147	690	0.9396
147	740	0.2916
147	993	0.3348
147	1184	0.9828
147	1306	0.8532
147	1470	0.7236
148	222	0.9828
148	995	0.8532
148	1480	0.6948
149	360	0.7956
149	386	0.6372
149	666	0.9828
149	1509	0.2916
150	321	0.9828
150	688	0.8388
150	696	0.9828
150	823	0.30600000000000005
150	1362	0.36360000000000003
150	1469	0.7668
150	1727	0.6372
150	1737	0.3348
152	271	0.666
152	314	0.9828
152	341	0.8388
152	433	0.6372
152	729	0.8388
152	755	0.30600000000000005
152	763	0.9828
152	1229	0.9828
152	1360	0.3204
152	1540	0.30600000000000005
152	1645	0.2916
152	1760	0.378
152	1838	0.30600000000000005
153	357	0.6948
153	584	0.30600000000000005
153	674	0.30600000000000005
153	732	0.6372
153	927	0.9828
153	948	0.7668
153	1218	0.5364
153	1885	0.7668
155	159	0.5364
155	353	0.9828
155	790	0.9828
155	947	0.9684
155	1053	0.9828
155	1785	0.6948
156	293	0.5796
157	216	0.9828
157	271	0.9828
157	282	0.9828
157	312	0.6372
157	637	0.30600000000000005
157	647	0.9828
157	804	0.666
157	923	0.3348
157	929	0.39239999999999997
157	979	0.3204
157	1004	0.9828
157	1268	0.9396
157	1446	0.6228
157	1537	0.4212
157	1594	0.9396
157	1669	0.3348
157	1670	0.49319999999999997
157	1725	0.39239999999999997
157	1998	0.9828
159	842	0.9828
160	237	0.378
160	255	0.9684
160	364	0.5652
160	450	0.9828
160	494	0.9828
160	798	0.6228
160	879	0.7668
160	1149	0.9828
160	1242	0.9684
160	1431	0.30600000000000005
160	1574	0.30600000000000005
160	1705	0.738
162	180	0.9828
163	166	0.666
163	171	0.6804
163	185	0.9828
163	301	0.36360000000000003
163	445	0.5652
163	518	0.9828
163	565	0.9828
163	643	0.9828
163	684	0.40680000000000005
163	848	0.522
163	944	0.9252
163	1422	0.30600000000000005
163	1470	0.30600000000000005
163	1553	0.8244
163	1592	0.7524000000000001
163	1652	0.6804
163	1699	0.6372
164	187	0.666
164	309	0.9684
165	524	0.4356
165	527	0.30600000000000005
165	561	0.7668
165	918	0.3204
165	1092	0.3348
165	1193	0.9828
165	1244	0.4356
165	1674	0.2772
165	1747	0.81
165	1972	0.6804
166	194	0.45000000000000007
166	574	0.8964
166	811	0.3204
166	1467	0.7956
167	184	0.5076
167	412	0.39239999999999997
167	559	0.3204
167	1785	0.30600000000000005
167	1906	0.7524000000000001
168	526	0.9828
168	914	0.9828
168	984	0.34920000000000007
168	1015	0.7668
168	1221	0.39239999999999997
168	1856	0.738
169	417	0.5364
170	766	0.954
170	1966	0.954
171	247	0.6516000000000001
171	249	0.30600000000000005
171	329	0.9828
171	471	0.9396
171	568	0.8244
171	868	0.7668
171	938	0.666
171	1028	0.2772
171	1046	0.39239999999999997
171	1377	0.5796
171	1523	0.738
171	1885	0.3348
171	1951	0.8676
172	1006	0.7524000000000001
172	1500	0.9828
173	266	0.9828
174	821	0.30600000000000005
174	1847	0.30600000000000005
175	226	0.7668
175	345	0.8388
175	348	0.2916
175	428	0.9828
175	528	0.6804
175	997	0.7668
175	1085	0.6372
175	1234	0.5652
175	1255	0.34920000000000007
175	1279	0.6372
175	1417	0.40680000000000005
175	1484	0.6948
175	1532	0.594
175	1533	0.8244
175	1664	0.9252
175	1811	0.9828
175	1824	0.7812
176	1188	0.7956
177	685	0.6084
177	1685	0.2916
178	776	0.3348
178	904	0.39239999999999997
178	1346	0.40680000000000005
178	1496	0.40680000000000005
178	1610	0.9684
178	1904	0.9828
179	214	0.8532
179	257	0.594
179	502	0.8676
179	532	0.40680000000000005
179	556	0.954
181	564	0.9252
181	693	0.8244
181	1088	0.4788
181	1163	0.7668
183	233	0.30600000000000005
183	290	0.9828
183	299	0.7668
183	389	0.954
183	760	0.594
183	885	0.39239999999999997
183	998	0.594
183	1125	0.594
183	1213	0.5652
183	1389	0.9828
183	1600	0.8964
183	1828	0.7956
184	618	0.36360000000000003
184	812	0.9396
184	1132	0.6948
184	1443	0.5652
184	1996	0.9828
185	376	0.4788
185	607	0.6084
185	809	0.3204
185	893	0.40680000000000005
185	1035	0.34920000000000007
185	1135	0.4788
185	1507	0.30600000000000005
185	1955	0.7524000000000001
187	219	0.9828
187	305	0.3348
187	306	0.81
187	319	0.9828
187	377	0.594
187	529	0.9828
187	533	0.738
187	555	0.4356
187	582	0.30600000000000005
187	654	0.9396
187	658	0.30600000000000005
187	724	0.9828
187	775	0.9828
187	796	0.7668
187	797	0.7812
187	943	0.8964
187	996	0.45000000000000007
187	1263	0.9828
187	1344	0.9828
187	1429	0.36360000000000003
187	1565	0.9828
187	1779	0.9828
187	1788	0.6372
188	252	0.5796
188	1098	0.3204
189	602	0.3348
189	1894	0.9828
189	1918	0.45000000000000007
190	550	0.5652
190	1301	0.7668
191	250	0.3204
191	346	0.30600000000000005
191	373	0.5364
191	544	0.3204
191	800	0.3204
191	819	0.5796
191	956	0.666
191	970	0.9252
191	1246	0.9828
191	1341	0.522
191	1509	0.9684
191	1634	0.6372
191	1697	0.9828
191	1731	0.49319999999999997
191	1831	0.40680000000000005
191	1884	0.9396
192	231	0.6084
192	558	0.6084
192	709	0.3348
192	1062	0.34920000000000007
192	1535	0.9828
192	1971	0.3204
193	310	0.30600000000000005
193	365	0.4356
193	683	0.6804
193	1559	0.6084
193	1888	0.36360000000000003
193	1944	0.666
194	928	0.3348
194	1016	0.9108
197	715	0.8676
197	773	0.30600000000000005
197	1241	0.39239999999999997
197	1401	0.5652
197	1537	0.6948
197	1567	0.7812
198	203	0.6372
198	229	0.7668
198	501	0.9828
198	506	0.9828
198	611	0.8532
198	772	0.9828
198	1024	0.9828
198	1140	0.5796
198	1148	0.2916
198	1264	0.30600000000000005
198	1574	0.9828
198	1854	0.3348
198	1893	0.4356
198	1898	0.39239999999999997
198	1949	0.6084
198	2000	0.6372
199	382	0.3204
199	563	0.7236
199	1673	0.666
200	380	0.7236
200	505	0.9828
200	569	0.6804
200	603	0.7668
200	801	0.8244
200	837	0.5652
200	858	0.30600000000000005
200	1001	0.954
200	1453	0.2916
201	292	0.8964
202	229	0.6948
202	334	0.30600000000000005
202	468	0.7812
202	535	0.9828
202	559	0.40680000000000005
202	617	0.9828
202	692	0.9828
202	716	0.8964
202	1059	0.666
202	1181	0.8964
202	1259	0.8964
202	1292	0.378
202	1670	0.9828
203	247	0.9828
203	746	0.882
203	880	0.30600000000000005
203	1355	0.9828
203	1801	0.7812
203	1921	0.9396
204	587	0.666
204	1562	0.9828
204	1983	0.45000000000000007
204	2000	0.39239999999999997
206	1449	0.40680000000000005
206	1518	0.7524000000000001
206	1792	0.40680000000000005
207	248	0.6372
207	298	0.666
207	425	0.9828
207	774	0.9828
207	1441	0.9684
209	281	0.2916
209	295	0.9828
209	988	0.6372
209	1319	0.9828
210	904	0.6516000000000001
210	1371	0.9252
210	1414	0.40680000000000005
210	1433	0.9396
210	1937	0.9828
211	489	0.8388
211	1911	0.594
213	308	0.9828
213	721	0.594
213	1129	0.40680000000000005
213	1144	0.7524000000000001
213	1624	0.6948
213	1999	0.9252
214	230	0.2916
214	288	0.3348
214	684	0.4356
214	738	0.9828
214	863	0.594
214	1154	0.30600000000000005
214	1375	0.6948
214	1516	0.954
214	1787	0.9828
214	1893	0.2916
215	265	0.6228
215	558	0.7236
215	616	0.9828
215	1113	0.36360000000000003
215	1827	0.9252
216	261	0.6372
216	387	0.5652
216	390	0.3204
216	945	0.954
216	1320	0.36360000000000003
216	1734	0.9684
217	1291	0.45000000000000007
217	1456	0.9828
218	1028	0.594
219	375	0.3348
219	586	0.738
219	1595	0.9828
219	1775	0.40680000000000005
220	853	0.9828
220	1171	0.3204
220	1396	0.666
220	1543	0.594
220	1643	0.2916
220	1810	0.882
221	584	0.30600000000000005
221	1174	0.30600000000000005
222	303	0.882
222	1010	0.6372
222	1406	0.9828
223	1409	0.9828
223	1456	0.3348
224	392	0.882
224	544	0.9828
224	667	0.6372
224	1541	0.2916
225	421	0.4788
225	467	0.8244
225	644	0.522
225	782	0.8964
225	1185	0.2916
225	1257	0.954
225	1678	0.3348
225	1681	0.666
225	1748	0.6372
225	1872	0.8244
226	393	0.5652
226	499	0.7668
227	616	0.2916
227	930	0.7812
227	1128	0.7668
228	519	0.39239999999999997
228	859	0.3348
228	1734	0.4788
229	240	0.9828
229	335	0.45000000000000007
229	760	0.6084
229	1003	0.7236
229	1713	0.9828
229	1782	0.4788
230	1603	0.594
231	282	0.738
231	614	0.6228
231	694	0.8244
231	1835	0.7668
232	569	0.3348
232	1074	0.2916
232	1087	0.9828
233	366	0.39239999999999997
233	383	0.6804
233	554	0.30600000000000005
233	1029	0.9828
233	1166	0.9684
233	1243	0.5652
234	1879	0.40680000000000005
234	1974	0.5796
236	317	0.8388
236	638	0.3204
236	700	0.30600000000000005
236	1220	0.9828
236	1522	0.522
236	1728	0.9828
237	551	0.9828
237	553	0.4788
237	695	0.49319999999999997
237	799	0.882
237	879	0.7956
237	957	0.3348
237	1207	0.594
237	1583	0.9828
237	1930	0.8388
238	552	0.6084
238	714	0.40680000000000005
238	893	0.34920000000000007
238	924	0.7668
238	1588	0.6948
238	1895	0.9828
239	410	0.45000000000000007
240	483	0.8532
240	514	0.36360000000000003
240	532	0.9828
240	573	0.9828
240	615	0.9828
240	768	0.40680000000000005
240	878	0.6228
240	994	0.5508000000000001
240	998	0.34920000000000007
240	1963	0.39239999999999997
241	315	0.6948
241	891	0.3204
241	1023	0.7668
241	1049	0.882
241	1422	0.2772
241	1652	0.9828
241	1942	0.5364
241	1960	0.49319999999999997
242	960	0.9828
242	1086	0.9828
244	298	0.9828
244	817	0.4788
244	869	0.30600000000000005
244	1214	0.9828
245	475	0.9828
245	490	0.7668
245	711	0.9252
245	1176	0.3204
246	398	0.46440000000000003
246	531	0.7668
246	1350	0.8388
246	1634	0.9828
247	435	0.9828
247	897	0.8388
247	1367	0.46440000000000003
248	922	0.9684
248	1417	0.8388
248	1464	0.5652
249	449	0.9828
249	781	0.7524000000000001
249	954	0.9828
249	1210	0.40680000000000005
250	1285	0.39239999999999997
250	1292	0.9828
251	1473	0.522
251	1584	0.954
252	1186	0.666
252	1310	0.3348
253	1046	0.9828
253	1768	0.6084
253	1948	0.30600000000000005
256	310	0.5652
256	625	0.594
256	1033	0.9684
257	260	0.954
257	388	0.9828
257	816	0.81
257	1353	0.6372
260	268	0.6084
260	1525	0.6372
261	283	0.6804
261	592	0.9828
261	680	0.2916
261	828	0.5796
261	1231	0.9828
261	1479	0.8964
261	1531	0.7668
261	1586	0.8244
261	1667	0.9828
262	418	0.6372
262	548	0.9684
262	983	0.2916
262	1115	0.9828
262	1129	0.594
262	1278	0.46440000000000003
262	1297	0.3204
262	1482	0.9828
262	1900	0.9828
263	513	0.9684
263	1026	0.4788
263	1077	0.9828
264	561	0.36360000000000003
264	1038	0.594
264	1454	0.6516000000000001
267	1064	0.738
268	324	0.40680000000000005
268	395	0.8532
268	873	0.2916
268	1467	0.7524000000000001
270	844	0.7668
271	357	0.6516000000000001
271	563	0.6804
271	806	0.5364
272	762	0.9828
272	819	0.954
272	852	0.30600000000000005
273	688	0.594
274	453	0.8676
274	789	0.4356
274	932	0.49319999999999997
275	516	0.9684
275	535	0.9828
275	641	0.954
275	739	0.3348
275	977	0.39239999999999997
275	1055	0.9684
276	291	0.9684
276	326	0.5076
276	492	0.6084
276	604	0.7668
276	619	0.4356
276	633	0.7668
276	1159	0.9828
276	1200	0.594
276	1645	0.8676
276	1932	0.30600000000000005
277	476	0.2916
277	762	0.882
277	915	0.522
277	1538	0.8532
277	1984	0.9828
278	318	0.9828
278	365	0.5364
278	780	0.666
278	815	0.8244
278	1690	0.8388
278	1908	0.8964
278	1950	0.40680000000000005
278	1969	0.9828
279	452	0.7236
279	1485	0.3204
279	1695	0.9828
280	508	0.954
281	352	0.9828
281	1239	0.9684
282	883	0.36360000000000003
282	1806	0.30600000000000005
283	427	0.30600000000000005
283	517	0.3348
283	1293	0.9828
284	380	0.5796
284	1965	0.3348
286	448	0.2916
286	604	0.9828
286	666	0.9828
286	742	0.7668
286	990	0.8244
286	1045	0.594
286	1262	0.5076
286	1686	0.5364
287	322	0.8244
287	350	0.4788
287	377	0.2916
287	406	0.34920000000000007
287	619	0.7524000000000001
287	816	0.9828
287	945	0.6372
287	1326	0.30600000000000005
287	1364	0.666
287	1458	0.9684
287	1512	0.594
287	1566	0.7812
287	1819	0.9828
288	358	0.7812
288	403	0.9828
288	404	0.9828
288	560	0.9828
288	630	0.9684
288	672	0.2916
288	920	0.2916
288	1347	0.7812
288	1382	0.9828
288	1408	0.40680000000000005
288	1466	0.9828
288	1561	0.9828
288	1655	0.6372
288	1768	0.9828
289	384	0.9828
289	744	0.954
289	1816	0.8532
291	340	0.5796
291	742	0.666
291	956	0.30600000000000005
291	1217	0.882
293	590	0.6804
293	976	0.9828
294	1769	0.49319999999999997
295	691	0.30600000000000005
295	890	0.9828
296	374	0.378
296	388	0.882
296	397	0.738
296	942	0.39239999999999997
296	1395	0.5652
298	311	0.40680000000000005
298	420	0.3348
298	472	0.5508000000000001
298	530	0.30600000000000005
298	752	0.6804
298	1315	0.30600000000000005
298	1316	0.45000000000000007
298	1970	0.378
299	1231	0.9828
300	415	0.9828
300	715	0.30600000000000005
300	818	0.8532
300	1266	0.7812
300	1837	0.954
301	1120	0.3348
302	763	0.954
302	1266	0.3204
302	1530	0.2916
302	1924	0.2772
303	601	0.9828
303	1181	0.9396
304	654	0.8244
304	712	0.666
304	769	0.7668
304	1274	0.7956
304	1959	0.3204
305	578	0.9828
306	785	0.40680000000000005
306	1254	0.9828
306	1310	0.9684
307	339	0.2772
307	1809	0.3348
307	1910	0.9252
308	363	0.3348
308	404	0.9828
308	443	0.2916
308	540	0.9828
308	572	0.3204
308	845	0.39239999999999997
308	1451	0.6372
309	850	0.39239999999999997
310	636	0.9828
310	861	0.6804
310	939	0.6228
312	1092	0.9828
314	1559	0.9396
314	1604	0.9828
316	665	0.9828
316	1547	0.7668
316	1881	0.4356
318	429	0.738
318	599	0.9252
318	757	0.9828
318	1192	0.594
318	1628	0.9252
318	1677	0.9396
318	1687	0.30600000000000005
319	411	0.39239999999999997
319	899	0.954
319	1665	0.9828
319	1753	0.9396
319	1778	0.2916
319	1797	0.9828
319	1839	0.9828
319	1967	0.666
321	406	0.6372
322	383	0.9828
322	408	0.40680000000000005
322	412	0.4356
322	423	0.8964
322	809	0.8532
322	1544	0.9828
323	1741	0.39239999999999997
324	395	0.9684
324	531	0.378
324	698	0.9828
325	328	0.5364
325	370	0.9828
325	442	0.594
325	444	0.40680000000000005
325	1230	0.9828
325	1263	0.45000000000000007
325	1815	0.9828
325	1878	0.3204
325	1922	0.2916
327	967	0.6804
327	1061	0.6372
327	1076	0.40680000000000005
327	1521	0.7668
327	1954	0.7524000000000001
328	1356	0.3348
328	1737	0.3348
329	845	0.954
331	1143	0.4356
332	354	0.6948
332	416	0.7668
332	1013	0.81
332	1400	0.594
333	610	0.6372
334	936	0.7668
334	1197	0.9828
334	1964	0.9828
335	372	0.738
335	576	0.5796
335	1987	0.6372
336	1721	0.7524000000000001
337	900	0.30600000000000005
337	1798	0.8388
338	663	0.7956
338	725	0.9396
338	1424	0.7668
339	498	0.8244
339	671	0.9828
339	985	0.9828
339	1681	0.8532
340	513	0.39239999999999997
340	632	0.9828
340	645	0.9828
340	656	0.7668
340	973	0.9396
340	1049	0.2916
341	609	0.4356
341	935	0.2916
341	1280	0.36360000000000003
343	692	0.6372
343	770	0.6372
343	1041	0.40680000000000005
343	1095	0.30600000000000005
343	1122	0.8388
343	1176	0.4356
343	1601	0.5364
343	1721	0.6372
343	1927	0.7668
345	504	0.9828
345	594	0.9828
345	628	0.39239999999999997
345	876	0.4212
345	1928	0.6372
347	396	0.9828
347	1822	0.882
348	436	0.6948
348	711	0.3348
348	808	0.954
348	831	0.9828
348	867	0.522
350	828	0.8244
350	1018	0.9684
350	1121	0.9828
351	527	0.9828
351	745	0.3204
351	827	0.39239999999999997
351	1399	0.6372
352	1072	0.5076
353	511	0.9684
353	1580	0.3204
354	437	0.6084
354	1423	0.9828
354	1481	0.6948
354	1952	0.594
355	413	0.9828
355	1716	0.6372
356	492	0.4356
356	1687	0.7524000000000001
356	1688	0.39239999999999997
357	486	0.36360000000000003
357	626	0.9396
357	777	0.7956
357	1090	0.8532
357	1622	0.9828
358	743	0.36360000000000003
358	1052	0.6372
358	1347	0.7668
359	905	0.7236
359	1818	0.7668
360	436	0.9828
360	1204	0.4356
360	1696	0.8244
361	446	0.40680000000000005
361	520	0.6372
361	638	0.6372
361	931	0.3348
361	1666	0.9828
361	1931	0.594
362	803	0.40680000000000005
362	1101	0.36360000000000003
363	458	0.40680000000000005
363	588	0.9828
363	1218	0.9828
363	1507	0.9828
363	1573	0.954
363	1703	0.9828
363	1710	0.954
363	1726	0.7956
364	713	0.738
365	491	0.6228
365	721	0.30600000000000005
365	986	0.6372
366	488	0.8532
366	679	0.8388
366	1001	0.9828
367	428	0.6948
367	556	0.2916
368	481	0.6804
368	487	0.9828
368	629	0.6372
368	668	0.882
368	1339	0.8388
368	1428	0.36360000000000003
368	1514	0.49319999999999997
369	665	0.7236
369	1515	0.7236
369	1587	0.882
370	522	0.9828
370	795	0.3204
370	1108	0.6948
370	1588	0.9828
370	1871	0.738
371	478	0.9252
371	539	0.9828
371	589	0.9828
373	811	0.2916
374	629	0.3348
374	1314	0.8964
375	800	0.9828
376	439	0.7956
376	826	0.9828
376	836	0.7668
376	1069	0.9828
376	1868	0.9684
377	1101	0.9828
377	1269	0.30600000000000005
379	1247	0.4788
379	1641	0.6372
379	1841	0.9828
380	726	0.9828
380	859	0.9828
380	943	0.9828
381	993	0.9828
381	1749	0.7668
381	1803	0.6948
383	512	0.9828
383	1672	0.594
383	1673	0.39239999999999997
384	1247	0.8532
384	1548	0.30600000000000005
384	1738	0.9684
385	1883	0.2916
386	1529	0.30600000000000005
387	613	0.30600000000000005
387	1330	0.9828
387	1938	0.738
388	426	0.7668
390	1704	0.5652
391	504	0.8532
391	669	0.30600000000000005
391	1051	0.2916
391	1069	0.9828
391	1433	0.378
391	1435	0.3348
391	1551	0.9828
391	1552	0.594
392	408	0.45000000000000007
392	693	0.2916
392	989	0.8244
392	1104	0.9828
392	1415	0.9828
396	1412	0.9396
397	795	0.954
397	1027	0.7956
397	1126	0.9396
397	1419	0.39239999999999997
397	1712	0.7812
398	670	0.5364
398	678	0.9828
398	961	0.2916
398	1284	0.2916
399	429	0.39239999999999997
400	576	0.3204
403	612	0.39239999999999997
403	870	0.9684
403	1887	0.666
403	1890	0.4356
404	518	0.666
404	611	0.7668
404	635	0.36360000000000003
404	652	0.7668
404	723	0.5652
404	839	0.9828
404	1510	0.2916
404	1568	0.3204
404	1619	0.9828
404	1667	0.2916
404	1774	0.9828
405	580	0.9828
405	642	0.9828
405	1107	0.9828
405	1956	0.39239999999999997
406	473	0.6804
406	650	0.7236
406	972	0.9252
406	1536	0.9828
406	1666	0.9828
406	1946	0.81
407	1019	0.30600000000000005
407	1057	0.594
407	1169	0.9828
407	1968	0.9828
408	741	0.8964
408	872	0.5652
408	1173	0.6948
408	1538	0.7668
409	461	0.9828
409	506	0.5076
409	1157	0.4788
409	1503	0.7668
409	1614	0.3204
410	1856	0.6804
410	1927	0.9828
411	1225	0.9828
411	1363	0.9828
411	1418	0.6372
412	891	0.9396
412	1132	0.36360000000000003
412	1182	0.9828
413	687	0.8244
413	705	0.5076
413	1032	0.9828
413	1138	0.3348
413	1948	0.30600000000000005
414	662	0.30600000000000005
414	1103	0.9828
414	1316	0.6084
416	603	0.6372
416	1166	0.9252
416	1205	0.6372
416	1603	0.8244
416	1833	0.8244
416	1975	0.9828
417	974	0.5652
417	1447	0.6084
418	641	0.40680000000000005
418	1623	0.6372
418	1626	0.6948
419	430	0.49319999999999997
419	1229	0.666
420	431	0.30600000000000005
421	975	0.36360000000000003
421	1251	0.6948
422	759	0.45000000000000007
422	946	0.9828
422	1986	0.39239999999999997
423	537	0.9828
423	652	0.9828
424	547	0.3204
424	720	0.9828
424	1755	0.9252
425	805	0.6948
425	985	0.39239999999999997
426	525	0.9828
426	699	0.9396
426	955	0.5652
426	962	0.7668
427	955	0.2916
427	1097	0.9828
428	460	0.666
428	554	0.34920000000000007
430	568	0.2916
431	540	0.49319999999999997
431	1121	0.8676
432	594	0.6372
432	929	0.6084
432	1252	0.2916
432	1572	0.2916
432	1708	0.5508000000000001
432	1970	0.8244
433	541	0.40680000000000005
433	1115	0.6372
433	1313	0.9828
434	1371	0.3204
434	1958	0.3348
435	1762	0.9828
436	503	0.36360000000000003
436	664	0.4356
436	695	0.8388
436	898	0.49319999999999997
436	1702	0.8964
437	575	0.9828
437	786	0.7668
437	1416	0.39239999999999997
439	1755	0.5796
440	1399	0.9828
441	447	0.39239999999999997
441	756	0.49319999999999997
441	996	0.5652
442	457	0.5652
442	952	0.6084
442	1142	0.9828
442	1275	0.3348
442	1682	0.9828
443	1711	0.9828
444	1194	0.954
445	446	0.30600000000000005
445	503	0.40680000000000005
445	901	0.5364
445	1124	0.5796
445	1490	0.7668
445	1947	0.40680000000000005
447	1196	0.9684
447	1468	0.9684
447	1980	0.4788
448	1204	0.45000000000000007
449	592	0.666
449	1170	0.522
449	1188	0.882
449	1868	0.9396
450	1396	0.36360000000000003
451	646	0.6948
452	1365	0.8388
453	1442	0.81
453	1790	0.7091999999999999
453	1874	0.40680000000000005
454	1317	0.3348
454	1621	0.40680000000000005
454	1688	0.7524000000000001
454	1706	0.4212
454	1746	0.6084
456	628	0.9252
456	1312	0.7668
457	651	0.7812
457	982	0.7668
457	1335	0.30600000000000005
458	1235	0.8388
461	969	0.4788
461	1082	0.6372
461	1686	0.6804
461	1995	0.9684
462	582	0.7668
462	1210	0.5076
463	626	0.8244
463	898	0.9828
463	1495	0.9828
463	1937	0.40680000000000005
464	784	0.9684
465	659	0.9828
465	896	0.7668
465	977	0.6372
465	1875	0.4788
466	982	0.9828
466	1563	0.594
467	524	0.9828
467	1021	0.594
467	1261	0.30600000000000005
468	567	0.9828
468	789	0.2916
468	931	0.6948
468	1766	0.594
469	514	0.40680000000000005
470	726	0.594
470	1226	0.9828
470	1275	0.30600000000000005
470	1520	0.9828
471	497	0.7668
471	640	0.6084
471	719	0.8388
473	1843	0.4788
474	1152	0.9828
475	528	0.30600000000000005
475	1383	0.9828
476	877	0.4788
476	1267	0.46440000000000003
478	541	0.7668
478	605	0.9396
478	661	0.9828
478	736	0.6084
478	768	0.594
478	1096	0.45000000000000007
478	1334	0.9684
479	595	0.9828
479	609	0.36360000000000003
479	614	0.30600000000000005
479	1281	0.2916
479	1286	0.7668
479	1994	0.4356
481	825	0.9828
481	924	0.8244
481	1123	0.5652
481	1333	0.594
482	767	0.9828
482	814	0.9828
482	1005	0.30600000000000005
482	1264	0.2916
482	1282	0.5652
482	1437	0.6948
484	572	0.954
484	951	0.7524000000000001
484	1735	0.7236
485	1595	0.9828
485	1918	0.30600000000000005
486	1143	0.3348
487	1167	0.9828
488	618	0.2916
488	1240	0.9828
488	1744	0.39239999999999997
490	950	0.9828
490	1182	0.6084
491	921	0.6084
491	1240	0.3348
491	1920	0.9828
491	1930	0.738
492	500	0.9828
492	1161	0.9396
492	1917	0.9828
493	873	0.2916
493	1082	0.738
493	1227	0.30600000000000005
493	1365	0.9396
493	1729	0.7668
494	886	0.30600000000000005
494	951	0.5076
494	1118	0.7956
494	1260	0.4356
494	1812	0.5076
495	1258	0.9828
495	1781	0.7956
497	1412	0.9828
497	1759	0.9828
498	971	0.594
498	1606	0.9684
499	605	0.49319999999999997
499	1251	0.40680000000000005
499	1969	0.6372
502	820	0.522
503	946	0.3204
503	1135	0.30600000000000005
503	1274	0.738
504	1091	0.738
504	1636	0.9828
505	727	0.6516000000000001
505	1525	0.36360000000000003
506	675	0.9684
506	1078	0.3348
506	1384	0.30600000000000005
506	1642	0.6516000000000001
508	510	0.2916
509	624	0.4356
509	849	0.30600000000000005
509	1455	0.39239999999999997
511	834	0.3204
511	1431	0.9828
512	657	0.9828
512	824	0.30600000000000005
512	1005	0.9828
512	1394	0.9828
512	1851	0.9828
513	984	0.9828
513	1072	0.3348
514	1418	0.30600000000000005
516	727	0.8532
516	1344	0.30600000000000005
517	571	0.3204
517	627	0.39239999999999997
517	1249	0.8388
517	1508	0.6084
517	1876	0.9828
518	1119	0.8676
518	1833	0.81
522	1338	0.6228
522	1959	0.39239999999999997
524	1446	0.666
524	1653	0.39239999999999997
525	655	0.6372
525	1110	0.40680000000000005
525	1217	0.2916
526	1162	0.40680000000000005
526	1405	0.666
526	1665	0.9828
526	1726	0.46440000000000003
527	608	0.9684
528	653	0.2772
528	673	0.4212
528	676	0.8388
528	723	0.4356
528	1777	0.7668
529	916	0.7668
529	1324	0.40680000000000005
529	1390	0.5796
529	1805	0.954
530	769	0.3204
531	801	0.30600000000000005
531	856	0.45000000000000007
531	919	0.9252
531	964	0.40680000000000005
531	1883	0.36360000000000003
531	1985	0.738
533	562	0.9828
533	685	0.36360000000000003
533	1561	0.5796
533	1940	0.6804
534	1607	0.2916
535	1385	0.3348
535	1401	0.6804
536	1243	0.378
536	1327	0.9828
537	698	0.9828
537	1375	0.9828
537	1483	0.954
538	1303	0.36360000000000003
538	1846	0.6804
539	1052	0.9828
540	678	0.5364
540	1622	0.3204
540	1728	0.9828
540	1874	0.2916
543	884	0.738
543	1402	0.9828
544	878	0.9828
544	991	0.5652
544	1221	0.4788
544	1372	0.9828
545	734	0.5508000000000001
545	805	0.7236
545	1532	0.3348
547	1795	0.9828
548	661	0.30600000000000005
548	1184	0.9684
553	887	0.3204
554	1258	0.7668
554	1920	0.45000000000000007
554	1991	0.30600000000000005
555	589	0.9828
555	736	0.2916
555	746	0.9828
555	999	0.9684
555	1059	0.30600000000000005
555	1084	0.4356
555	1410	0.6372
556	697	0.522
556	1513	0.882
556	1657	0.9828
557	949	0.9684
557	1162	0.9828
557	1778	0.5796
559	1014	0.9828
559	1871	0.9828
559	1995	0.9828
560	1474	0.46440000000000003
561	729	0.666
562	1096	0.9828
562	1268	0.30600000000000005
562	1299	0.6372
562	1519	0.30600000000000005
563	642	0.8244
563	862	0.36360000000000003
566	1111	0.9684
566	1835	0.2916
567	934	0.39239999999999997
567	1203	0.8532
568	710	0.7812
568	922	0.738
568	1271	0.39239999999999997
568	1505	0.6516000000000001
568	1605	0.8964
570	680	0.2916
570	802	0.954
570	899	0.6804
570	914	0.882
570	981	0.9828
570	1625	0.30600000000000005
571	1463	0.7236
572	752	0.4212
572	1144	0.9828
572	1808	0.6372
574	738	0.9684
574	841	0.8676
574	1608	0.9828
574	1845	0.9684
575	686	0.40680000000000005
575	1303	0.7668
576	1543	0.7668
576	1579	0.9684
576	1897	0.3204
578	1413	0.5364
578	1475	0.3204
580	635	0.666
580	677	0.40680000000000005
580	1205	0.40680000000000005
581	825	0.3204
582	607	0.9828
582	913	0.39239999999999997
583	621	0.7812
583	1349	0.34920000000000007
584	888	0.3204
585	1527	0.9252
586	1627	0.3348
586	1773	0.4356
587	733	0.2916
587	810	0.594
587	907	0.8244
587	1287	0.30600000000000005
587	1736	0.9828
587	1953	0.5364
588	617	0.8676
588	793	0.9828
589	740	0.3204
590	902	0.3348
590	1146	0.6516000000000001
590	1269	0.7524000000000001
590	1352	0.5508000000000001
590	1710	0.6804
590	1718	0.3348
590	1793	0.522
591	1192	0.8532
592	1461	0.8388
592	1619	0.4788
593	871	0.9108
593	958	0.39239999999999997
593	987	0.9828
593	1045	0.2916
593	1459	0.81
593	1841	0.9396
594	1357	0.5796
595	911	0.2916
596	793	0.2916
596	1278	0.6372
596	1368	0.30600000000000005
596	1678	0.9828
597	833	0.7236
597	1237	0.9828
597	1875	0.9396
598	708	0.7668
599	1865	0.9828
601	881	0.666
601	1311	0.882
602	1651	0.45000000000000007
603	606	0.7236
603	1025	0.8388
603	1373	0.9828
603	1616	0.7668
608	1480	0.30600000000000005
609	896	0.45000000000000007
609	900	0.9828
609	906	0.9828
609	1568	0.8244
610	712	0.8676
611	737	0.594
611	751	0.6948
611	1190	0.9828
611	1314	0.39239999999999997
611	1715	0.5364
613	864	0.39239999999999997
613	1025	0.738
613	1298	0.954
613	1562	0.30600000000000005
613	1646	0.6372
614	751	0.9828
614	1566	0.7812
614	1932	0.9828
615	1981	0.2916
617	1780	0.954
618	865	0.9828
618	1501	0.40680000000000005
618	1992	0.36360000000000003
620	915	0.30600000000000005
620	1435	0.5796
620	1987	0.30600000000000005
623	701	0.30600000000000005
623	1114	0.9828
623	1227	0.39239999999999997
624	832	0.9828
624	895	0.6228
625	1716	0.9828
625	1989	0.9396
626	1043	0.6948
626	1760	0.36360000000000003
628	1383	0.30600000000000005
628	1477	0.39239999999999997
628	1855	0.9108
630	1676	0.6948
630	1812	0.7524000000000001
631	838	0.9684
631	920	0.9828
631	1379	0.594
631	1498	0.7668
634	1531	0.9828
636	1047	0.36360000000000003
636	1259	0.6948
636	1361	0.7812
639	1705	0.46440000000000003
642	1926	0.7668
643	656	0.594
643	1031	0.6516000000000001
644	796	0.9252
644	1363	0.9828
644	1792	0.594
647	980	0.8676
647	1379	0.9828
647	1549	0.9684
650	848	0.9828
650	1026	0.9828
650	1064	0.2916
650	1214	0.40680000000000005
651	1304	0.954
652	791	0.9828
652	1152	0.8244
652	1164	0.6372
652	1233	0.7668
652	1961	0.9828
653	826	0.954
656	694	0.6372
656	747	0.9828
656	1170	0.9828
658	755	0.7524000000000001
659	1815	0.6948
660	1113	0.9396
660	1288	0.738
660	1637	0.40680000000000005
661	1690	0.39239999999999997
662	1130	0.8244
665	1145	0.39239999999999997
666	787	0.7668
666	1178	0.40680000000000005
668	995	0.46440000000000003
669	670	0.30600000000000005
669	707	0.9828
669	748	0.7236
669	1008	0.9828
669	1283	0.2916
669	1542	0.378
669	1718	0.45000000000000007
669	1921	0.9828
670	1110	0.36360000000000003
670	1842	0.9828
670	1961	0.5652
671	1280	0.6804
671	1448	0.8244
672	838	0.9828
673	1191	0.6372
673	1198	0.6084
673	1437	0.6084
673	1606	0.9828
673	1899	0.738
675	1037	0.39239999999999997
675	1420	0.3348
678	1608	0.39239999999999997
680	971	0.5076
680	1968	0.666
681	702	0.9828
681	894	0.9828
681	1008	0.6372
683	851	0.34920000000000007
684	1036	0.3348
684	1185	0.4788
685	734	0.5652
685	1093	0.9828
686	1631	0.594
687	1168	0.9828
687	1309	0.4356
688	1246	0.3204
688	1563	0.8388
688	1941	0.9828
689	1208	0.40680000000000005
694	722	0.7668
694	1040	0.9828
694	1374	0.7812
694	1429	0.9396
695	717	0.9396
695	728	0.3348
695	1508	0.45000000000000007
695	1541	0.39239999999999997
695	1978	0.9828
698	757	0.30600000000000005
698	779	0.9828
698	881	0.9684
698	1676	0.5796
698	1882	0.9828
701	1855	0.46440000000000003
702	1285	0.7524000000000001
705	1047	0.9828
707	843	0.594
707	1122	0.9828
708	812	0.5076
709	829	0.81
709	860	0.9828
709	908	0.8532
709	1351	0.9828
709	1494	0.7956
709	1653	0.3348
710	714	0.6372
710	1436	0.30600000000000005
710	1464	0.3348
710	1684	0.9828
712	843	0.9828
712	913	0.45000000000000007
712	1370	0.6516000000000001
712	1552	0.594
713	830	0.9828
715	813	0.9828
716	902	0.3348
716	1450	0.6372
717	1286	0.9828
717	1802	0.39239999999999997
717	1929	0.7668
719	1386	0.9252
721	876	0.8676
722	1520	0.40680000000000005
723	1784	0.7524000000000001
723	1985	0.594
724	1462	0.5652
725	1411	0.7668
726	874	0.7524000000000001
726	1024	0.8388
726	1169	0.7236
726	1354	0.40680000000000005
726	1502	0.6804
726	1682	0.6372
726	1786	0.5364
726	1903	0.9828
729	756	0.9828
729	822	0.9828
729	875	0.738
729	1609	0.30600000000000005
729	1660	0.9828
729	1869	0.9828
731	778	0.9252
733	835	0.2916
733	959	0.9396
733	1038	0.3348
734	1589	0.5364
734	1942	0.9828
735	1012	0.9828
735	1992	0.9828
736	1307	0.9684
741	836	0.9396
741	1233	0.522
742	905	0.9828
743	808	0.9828
743	1265	0.9252
744	821	0.6804
744	890	0.2916
744	953	0.81
745	844	0.8388
745	1331	0.7668
748	1011	0.9828
748	1088	0.9108
748	1714	0.39239999999999997
749	1109	0.36360000000000003
749	1840	0.40680000000000005
750	1070	0.7668
750	1195	0.30600000000000005
750	1370	0.594
750	1511	0.9396
750	1993	0.30600000000000005
751	787	0.3204
752	1656	0.36360000000000003
756	758	0.666
757	997	0.9828
760	1131	0.30600000000000005
761	1095	0.7668
762	1271	0.9828
762	1296	0.3348
762	1647	0.954
762	1655	0.9684
762	1821	0.8532
763	930	0.6084
764	1041	0.9396
764	1977	0.2772
765	953	0.7524000000000001
765	1761	0.9396
766	1006	0.36360000000000003
767	1545	0.8676
768	1421	0.9828
770	909	0.3348
770	1476	0.666
771	869	0.8244
771	1935	0.3348
772	933	0.9252
772	1450	0.30600000000000005
773	1519	0.9108
774	1331	0.666
775	1749	0.9396
781	880	0.6084
782	1408	0.9684
784	1640	0.2772
787	1033	0.39239999999999997
787	1345	0.378
787	1444	0.9396
787	1597	0.45000000000000007
787	1873	0.9828
788	794	0.6804
788	1800	0.7091999999999999
790	1704	0.30600000000000005
791	1896	0.45000000000000007
792	834	0.9684
792	1100	0.3348
792	1890	0.9828
793	1187	0.7812
796	908	0.45000000000000007
796	1849	0.9828
797	1683	0.6228
798	935	0.30600000000000005
798	1367	0.954
799	1262	0.4356
800	938	0.594
800	1250	0.3348
801	846	0.6948
801	850	0.522
801	1338	0.9828
801	1453	0.36360000000000003
804	1076	0.6372
806	867	0.882
806	1105	0.9828
806	1542	0.8532
807	909	0.9828
807	1309	0.9828
807	1907	0.7524000000000001
807	1999	0.8532
808	1550	0.6372
810	1149	0.9252
810	1439	0.8964
811	1164	0.9828
812	1060	0.36360000000000003
813	815	0.2772
813	1009	0.9828
813	1080	0.4356
813	1180	0.9828
814	1017	0.9828
815	1546	0.3348
816	1070	0.2916
819	1829	0.6084
822	1784	0.3204
823	1462	0.6804
823	1820	0.3204
826	1136	0.882
826	1212	0.9828
826	1798	0.9828
827	1179	0.81
827	1207	0.3348
829	1287	0.3348
829	1557	0.5364
829	1967	0.5364
830	1051	0.4788
831	966	0.7812
831	1053	0.6804
831	1306	0.7236
831	1354	0.4788
831	1769	0.9828
832	1397	0.9828
833	1075	0.9828
837	1015	0.9684
837	1591	0.36360000000000003
837	1671	0.39239999999999997
839	1151	0.40680000000000005
840	1119	0.9828
842	1689	0.40680000000000005
843	1808	0.7812
843	1847	0.9828
845	1445	0.30600000000000005
847	1483	0.9252
849	1191	0.40680000000000005
852	975	0.39239999999999997
854	1945	0.2916
854	1978	0.9828
855	1651	0.8388
856	1175	0.8388
860	933	0.8244
862	1322	0.9108
862	1576	0.7956
862	1790	0.39239999999999997
863	1300	0.9252
864	1554	0.8532
867	1245	0.6372
868	1336	0.666
869	1183	0.738
872	1836	0.9828
873	1256	0.7668
873	1355	0.9828
873	1576	0.6804
873	1912	0.8964
874	1107	0.9396
874	1495	0.7236
877	1066	0.9828
878	1826	0.6372
879	1297	0.6948
881	1197	0.40680000000000005
882	1133	0.9828
883	1089	0.9828
884	1042	0.8244
884	1348	0.6372
884	1644	0.36360000000000003
884	1984	0.6516000000000001
886	1492	0.594
887	1148	0.9396
888	1791	0.594
889	1392	0.9828
889	1614	0.666
891	1056	0.39239999999999997
891	1827	0.9828
893	981	0.8244
893	1154	0.666
893	1717	0.666
893	1813	0.9396
895	1362	0.9828
900	1513	0.6084
900	1570	0.9396
902	1703	0.9684
904	1180	0.9828
907	1723	0.7812
909	1123	0.30600000000000005
909	1403	0.9828
912	925	0.9828
912	928	0.40680000000000005
912	1585	0.9828
912	1617	0.9828
912	1877	0.45000000000000007
915	1414	0.9828
915	1854	0.2916
917	1410	0.7236
917	1925	0.882
919	1661	0.8532
920	1136	0.6084
920	1664	0.6804
920	1700	0.39239999999999997
921	1402	0.7668
925	1054	0.9828
925	1079	0.5796
927	1128	0.2772
928	1102	0.2916
933	960	0.9828
933	1643	0.666
933	1707	0.9828
935	1374	0.666
940	1112	0.2916
940	1140	0.9396
940	1497	0.378
940	1516	0.2772
940	1982	0.4212
941	1281	0.666
942	1084	0.36360000000000003
943	1343	0.6948
946	1133	0.5652
946	1404	0.9828
946	1916	0.30600000000000005
949	1030	0.6948
950	1382	0.30600000000000005
951	1302	0.6516000000000001
953	1908	0.9828
955	970	0.6372
956	1044	0.39239999999999997
956	1523	0.36360000000000003
957	1009	0.2916
957	1126	0.9828
957	1222	0.954
958	1736	0.39239999999999997
958	1764	0.4356
959	1106	0.5652
959	1323	0.2916
959	1547	0.6228
959	1598	0.9828
959	1701	0.8532
960	1400	0.9828
960	1742	0.9828
962	1719	0.9828
964	1389	0.9828
973	1087	0.2772
973	1174	0.5364
973	1352	0.3204
973	1955	0.30600000000000005
974	1654	0.3348
975	1178	0.6372
975	1203	0.594
975	1276	0.3204
975	1533	0.81
975	1850	0.39239999999999997
977	1010	0.6948
977	1228	0.9828
977	1585	0.7668
979	1048	0.5796
982	990	0.9684
983	1627	0.4356
983	1680	0.9828
984	1163	0.40680000000000005
986	1544	0.7668
987	1599	0.378
995	1125	0.882
995	1312	0.9396
995	1463	0.9828
995	1757	0.2916
998	1545	0.6804
999	1832	0.7668
1001	1039	0.7668
1001	1068	0.9828
1001	1075	0.6948
1001	1183	0.5652
1001	1342	0.39239999999999997
1002	1067	0.9828
1003	1138	0.30600000000000005
1004	1390	0.30600000000000005
1004	1997	0.7668
1005	1068	0.7668
1005	1359	0.9684
1005	1530	0.9828
1005	1699	0.8244
1006	1329	0.594
1006	1560	0.30600000000000005
1007	1448	0.36360000000000003
1007	1629	0.2916
1008	1497	0.40680000000000005
1010	1318	0.7668
1010	1853	0.40680000000000005
1011	1104	0.2916
1011	1160	0.666
1011	1864	0.6948
1017	1056	0.39239999999999997
1020	1949	0.9828
1022	1257	0.666
1022	1373	0.7956
1026	1938	0.9108
1027	1042	0.9396
1027	1215	0.666
1029	1722	0.9396
1030	1118	0.2916
1030	1539	0.9828
1033	1219	0.7956
1034	1632	0.8388
1035	1335	0.3204
1036	1167	0.9828
1042	1958	0.954
1043	1179	0.9828
1043	1489	0.46440000000000003
1043	1972	0.7956
1044	1432	0.8532
1044	1638	0.7668
1045	1134	0.9828
1045	1267	0.738
1046	1550	0.738
1046	1882	0.9828
1046	1889	0.3204
1053	1679	0.3204
1054	1809	0.9252
1054	1944	0.6948
1055	1571	0.4788
1061	1739	0.30600000000000005
1063	1159	0.8532
1066	1358	0.8244
1067	1478	0.3348
1068	1831	0.3348
1071	1581	0.3204
1072	1518	0.2916
1075	1081	0.36360000000000003
1075	1294	0.9684
1079	1722	0.9828
1080	1740	0.7524000000000001
1080	1796	0.9828
1081	1745	0.2916
1089	1454	0.39239999999999997
1090	1189	0.9828
1090	1424	0.2916
1091	1750	0.7668
1092	1814	0.9108
1094	1340	0.4356
1096	1455	0.9828
1097	1116	0.7668
1097	1757	0.6228
1098	1156	0.81
1100	1253	0.39239999999999997
1100	1844	0.882
1102	1407	0.9684
1105	1356	0.7956
1108	1750	0.8532
1109	1474	0.9828
1110	1767	0.9828
1112	1175	0.738
1113	1130	0.666
1113	1392	0.30600000000000005
1115	1529	0.6372
1116	1506	0.7668
1116	1881	0.7524000000000001
1117	1943	0.4788
1122	1794	0.49319999999999997
1123	1436	0.7524000000000001
1123	1766	0.40680000000000005
1125	1202	0.522
1125	1324	0.4356
1125	1440	0.9828
1127	1922	0.8964
1130	1393	0.6948
1131	1596	0.5652
1141	1189	0.9828
1141	1621	0.7668
1142	1902	0.30600000000000005
1143	1572	0.6084
1145	1569	0.7668
1146	1506	0.30600000000000005
1149	1973	0.7236
1152	1526	0.9828
1154	1384	0.9252
1158	1579	0.9828
1159	1459	0.594
1159	1811	0.6804
1160	1913	0.36360000000000003
1161	1821	0.81
1163	1339	0.954
1165	1493	0.2916
1166	1892	0.4356
1168	1241	0.30600000000000005
1168	1260	0.30600000000000005
1168	1295	0.6084
1168	1357	0.4356
1168	1524	0.8244
1168	1770	0.9828
1169	1369	0.9396
1171	1199	0.5076
1171	1773	0.39239999999999997
1173	1305	0.3348
1173	1558	0.8244
1173	1607	0.9828
1173	1848	0.3348
1181	1416	0.3348
1183	1729	0.81
1183	1805	0.4356
1184	1276	0.9396
1184	1671	0.49319999999999997
1184	1822	0.6372
1194	1807	0.9684
1195	1443	0.9828
1197	1901	0.4356
1198	1489	0.40680000000000005
1200	1441	0.9828
1201	1486	0.7236
1203	1496	0.39239999999999997
1209	1514	0.6084
1216	1962	0.5796
1217	1799	0.8676
1217	1801	0.6372
1218	1837	0.9828
1220	1715	0.9828
1220	1752	0.3348
1222	1248	0.6948
1225	1733	0.7524000000000001
1230	1650	0.7668
1231	1426	0.36360000000000003
1231	1452	0.30600000000000005
1233	1445	0.5652
1234	1245	0.8532
1237	1361	0.6516000000000001
1240	1701	0.594
1240	1758	0.4356
1242	1555	0.5652
1243	1700	0.9828
1244	1909	0.9828
1247	1632	0.954
1247	1939	0.9828
1248	1340	0.4356
1249	1765	0.8244
1249	1870	0.9108
1250	1391	0.9828
1250	1557	0.40680000000000005
1251	1913	0.8676
1253	1273	0.666
1253	1590	0.9828
1267	1348	0.9828
1274	1328	0.9828
1274	1707	0.9828
1274	1917	0.3348
1278	1589	0.738
1279	1626	0.6948
1280	1385	0.40680000000000005
1280	1551	0.40680000000000005
1287	1796	0.9396
1292	1477	0.6948
1292	1975	0.9828
1293	1490	0.49319999999999997
1293	1719	0.40680000000000005
1293	1779	0.39239999999999997
1296	1668	0.594
1296	1844	0.3348
1297	1305	0.30600000000000005
1297	1788	0.5652
1297	1973	0.9828
1298	1451	0.9828
1302	1558	0.594
1302	1789	0.9252
1306	1648	0.5796
1309	1353	0.8532
1309	1420	0.49319999999999997
1309	1479	0.6084
1313	1840	0.39239999999999997
1314	1487	0.9684
1315	1440	0.7668
1320	1709	0.3204
1331	1851	0.46440000000000003
1332	1988	0.40680000000000005
1336	1548	0.594
1337	1876	0.9684
1342	1914	0.7668
1342	1957	0.7668
1356	1571	0.4356
1356	1864	0.8244
1359	1794	0.6948
1361	1907	0.39239999999999997
1362	1979	0.2916
1363	1391	0.4788
1369	1406	0.45000000000000007
1371	1639	0.9828
1374	1484	0.9828
1376	1834	0.9828
1377	1814	0.9828
1381	1423	0.6372
1384	1613	0.9828
1386	1577	0.6228
1388	1663	0.6372
1389	1409	0.30600000000000005
1394	1708	0.9396
1394	1823	0.6084
1396	1845	0.9828
1401	1438	0.9828
1401	1803	0.3348
1401	1910	0.666
1405	1575	0.9828
1407	1793	0.8244
1414	1717	0.6372
1416	1488	0.36360000000000003
1417	1693	0.2916
1418	1592	0.9828
1420	1940	0.2916
1423	1427	0.9828
1429	1473	0.7236
1430	1486	0.9828
1433	1504	0.6084
1435	1493	0.9828
1436	1610	0.666
1442	1534	0.4212
1444	1659	0.3348
1447	1472	0.7091999999999999
1447	1730	0.954
1448	1504	0.9828
1451	1475	0.7236
1455	1720	0.8964
1456	1460	0.9108
1456	1491	0.36360000000000003
1456	1694	0.7668
1456	1756	0.46440000000000003
1461	1695	0.3204
1463	1633	0.9828
1471	1635	0.9684
1471	1943	0.6372
1474	1625	0.2916
1474	1711	0.9828
1475	1698	0.3348
1476	1478	0.6084
1483	1648	0.9828
1484	1641	0.5076
1486	1783	0.3348
1493	1732	0.2772
1496	1567	0.2916
1499	1971	0.2916
1503	1578	0.8964
1503	1638	0.882
1506	1635	0.40680000000000005
1506	1751	0.3204
1508	1859	0.9684
1516	1594	0.40680000000000005
1516	1772	0.49319999999999997
1524	1924	0.36360000000000003
1526	1872	0.6804
1528	1611	0.6372
1528	1658	0.666
1538	1789	0.6372
1543	1569	0.39239999999999997
1543	1988	0.9828
1547	1746	0.954
1548	1997	0.5796
1549	1813	0.9108
1552	1764	0.3348
1554	1823	0.6804
1555	1774	0.7668
1558	1870	0.594
1559	1684	0.3348
1560	1590	0.9828
1564	1817	0.594
1566	1853	0.738
1567	1604	0.30600000000000005
1568	1583	0.40680000000000005
1571	1636	0.2772
1571	1675	0.39239999999999997
1579	1582	0.6948
1579	1698	0.594
1583	1891	0.9396
1589	1748	0.9828
1594	1601	0.3204
1603	1672	0.9828
1609	1747	0.9828
1619	1804	0.49319999999999997
1629	1832	0.30600000000000005
1630	1880	0.6948
1631	1689	0.40680000000000005
1631	1982	0.9828
1639	1649	0.5652
1641	1830	0.9828
1641	1916	0.81
1642	1754	0.9396
1644	1772	0.9396
1646	1858	0.7524000000000001
1653	1776	0.9828
1662	1787	0.36360000000000003
1662	1905	0.9828
1667	1754	0.522
1668	1990	0.40680000000000005
1669	1712	0.3204
1670	1912	0.9828
1680	1825	0.6948
1683	1692	0.36360000000000003
1683	1979	0.6948
1686	1739	0.7956
1689	1807	0.9252
1692	1990	0.4212
1701	1896	0.6372
1706	1800	0.666
1714	1861	0.3348
1718	1859	0.6372
1739	1923	0.6948
1782	1945	0.4788
1789	1956	0.9828
1797	1860	0.30600000000000005
1798	1926	0.9828
1813	1903	0.2916
1826	1886	0.45000000000000007
1833	1849	0.5076
1838	1952	0.9828
1842	1962	0.9828
1848	1902	0.9252
1858	1919	0.9828
1865	1873	0.6372
1876	1911	0.40680000000000005
