#nodeNum:1727	edgNum:7534	ave.degree:8.7	diameter:13
1,2
1,3
1,4
1,5
1,6
1,7
1,8
1,9
1,10
1,11
1,12
1,13
1,14
1,15
1,16
1,17
2,18
2,3
2,4
2,5
2,7
2,19
2,20
2,9
2,10
2,21
2,22
2,11
2,12
2,23
2,24
2,13
2,25
2,15
2,26
2,16
2,17
3,27
3,28
3,21
3,22
3,23
3,24
3,29
3,30
3,25
3,26
3,31
4,5
4,6
4,7
4,9
4,10
4,11
4,12
4,13
4,15
4,16
4,17
5,27
5,20
5,10
5,32
5,33
5,23
5,24
5,34
5,30
5,15
5,26
5,16
5,35
6,7
6,8
6,9
6,10
6,13
6,14
6,15
6,16
6,17
7,8
7,9
7,10
7,21
7,22
7,13
7,14
7,15
7,16
7,17
8,36
8,20
8,9
8,10
8,13
8,14
8,16
8,17
9,10
9,14
9,15
9,16
9,17
10,37
10,38
10,11
10,12
10,13
10,14
10,15
10,39
10,16
10,17
11,27
11,32
11,40
11,33
11,23
11,24
11,34
11,41
11,42
11,29
11,25
11,26
11,16
11,17
12,27
12,20
12,32
12,33
12,43
12,23
12,24
12,34
12,29
12,30
12,25
12,15
12,26
12,17
13,14
13,15
13,17
14,36
14,15
14,16
14,17
14,44
15,37
15,16
15,17
16,36
16,17
17,37
17,45
18,37
18,46
18,45
18,38
18,47
18,48
18,49
18,50
18,51
18,52
18,53
18,54
18,55
18,56
18,57
18,58
18,59
18,60
19,46
19,61
19,50
19,51
19,55
19,56
19,62
19,63
19,64
19,65
19,66
20,67
20,23
20,68
20,24
20,69
20,70
20,25
20,71
20,26
20,72
21,22
21,23
21,25
22,23
22,25
22,73
22,74
23,24
23,25
23,26
23,31
24,25
24,26
24,31
25,26
26,39
27,33
27,32
27,922
27,40
27,940
27,43
27,34
27,41
27,923
27,29
27,30
27,941
27,942
27,35
28,315
28,339
28,325
28,355
28,337
28,246
28,358
28,893
28,247
28,227
28,248
28,344
28,249
28,260
28,894
28,351
28,895
28,251
28,252
29,33
29,32
29,922
29,40
29,34
29,41
29,42
29,30
29,609
30,33
30,32
30,922
30,40
30,34
30,41
30,923
30,42
32,33
32,922
32,40
32,940
32,943
32,43
32,34
32,41
32,42
32,923
32,609
33,772
33,753
33,754
33,922
33,40
33,34
33,41
33,42
33,923
33,71
33,773
33,609
33,35
34,922
34,40
34,940
34,43
34,943
34,41
34,42
34,923
35,527
35,42
35,953
36,485
36,678
36,682
36,684
36,806
37,579
37,580
37,581
37,582
37,47
37,48
37,49
37,583
37,51
37,52
37,584
37,53
37,418
37,56
37,57
37,585
37,59
37,586
37,587
38,51
38,56
38,46
38,45
38,50
38,645
38,54
38,55
38,642
38,646
38,647
38,644
39,820
40,922
40,944
40,940
40,43
40,41
41,922
41,940
41,943
41,923
42,43
42,923
42,1241
43,940
43,861
43,945
43,943
43,946
43,568
43,947
43,843
44,780
44,1531
44,1532
44,1533
44,1534
44,1535
44,1536
44,1537
45,51
45,53
45,418
45,641
45,55
45,612
45,229
45,60
45,642
45,643
45,644
46,580
46,48
46,51
46,53
46,585
46,596
46,624
46,634
46,55
46,635
46,607
46,636
46,637
46,600
46,638
46,639
46,640
47,581
47,595
47,49
47,596
47,583
47,51
47,52
47,597
47,584
47,56
47,57
47,598
47,585
47,59
47,599
47,600
48,492
48,61
48,51
48,55
48,57
48,601
48,58
48,60
48,602
48,603
48,64
48,604
48,605
48,606
49,579
49,581
49,582
49,583
49,51
49,52
49,584
49,56
49,57
49,585
49,59
50,51
50,53
50,56
50,534
50,648
50,649
50,614
50,650
50,651
50,652
50,55
50,618
50,637
50,363
50,653
50,654
51,579
51,581
51,582
51,583
51,52
51,584
51,55
51,56
51,57
51,585
51,59
51,610
52,581
52,582
52,583
52,584
52,56
52,57
52,585
52,59
53,611
53,54
53,55
53,58
53,612
53,60
53,604
53,613
54,647
54,422
55,580
55,585
55,637
55,638
56,581
56,582
56,620
56,57
56,585
56,59
56,610
56,587
57,581
57,582
57,583
57,584
57,585
57,59
58,492
58,655
58,656
58,657
58,634
58,658
58,635
58,659
58,94
58,603
58,660
58,661
58,662
59,579
59,581
59,582
59,584
59,585
60,663
60,664
60,90
60,665
60,666
60,667
60,668
60,669
60,92
60,670
60,671
60,636
60,672
60,673
60,604
60,674
60,675
61,63
61,1481
62,64
62,1485
62,1486
62,1487
62,1488
62,65
62,1489
63,520
63,338
63,815
63,1245
63,819
63,1490
64,681
64,65
64,1483
65,1491
67,772
67,879
67,1398
67,1492
67,1493
67,1155
68,746
68,1494
69,401
69,1443
69,1444
69,1445
69,1446
69,1447
69,1448
70,211
70,418
70,847
70,558
70,848
70,794
70,849
70,850
70,851
70,852
70,853
70,854
70,855
70,387
70,261
70,570
70,857
70,858
70,859
71,1219
71,1495
71,1496
71,1497
72,392
72,99
72,766
72,912
72,1271
73,411
73,287
73,412
73,74
75,76
75,77
75,78
75,79
75,80
75,81
76,79
76,80
76,82
77,83
77,84
77,85
77,86
77,78
77,87
77,88
78,89
78,90
78,91
78,92
78,93
78,94
78,81
78,95
79,80
79,96
79,97
79,98
80,99
80,100
80,101
80,102
80,103
80,104
80,105
80,106
81,107
81,108
81,109
81,110
81,111
83,84
83,990
83,948
83,85
83,86
83,87
83,88
84,990
84,85
84,86
84,87
84,88
85,990
85,948
85,1225
85,86
85,1220
85,87
85,88
86,990
86,948
86,1226
86,1227
86,1228
86,1229
86,1230
86,1231
86,1123
86,1232
86,1233
86,1234
86,1235
86,1236
86,87
86,88
86,1237
87,910
87,557
87,931
87,88
88,990
89,332
89,695
89,496
89,420
89,90
89,651
89,91
89,669
89,1256
89,92
89,93
89,94
89,1257
89,95
89,653
90,665
90,496
90,669
90,92
90,170
90,1257
90,651
90,664
90,1433
90,666
90,91
90,1256
90,94
90,1258
90,653
91,669
91,95
91,93
91,94
92,332
92,669
92,664
92,651
92,1256
92,94
92,1257
92,1258
92,653
92,789
92,1259
93,107
93,111
93,683
93,1214
93,1215
93,94
94,669
94,95
95,202
95,203
95,315
95,329
95,695
95,403
95,496
95,420
95,220
95,222
95,419
95,243
95,405
95,568
96,462
96,97
96,98
97,462
97,521
97,812
97,98
98,462
99,851
99,754
99,900
99,914
99,746
99,915
99,916
99,773
99,792
100,723
100,725
100,730
100,731
100,732
100,733
100,744
100,748
100,738
100,734
100,739
100,736
100,749
100,750
100,747
100,745
100,751
100,740
100,752
100,741
100,742
100,761
100,106
101,772
101,1515
102,854
102,915
102,1015
102,1522
102,1614
102,878
103,848
103,1213
104,740
104,754
104,746
104,933
105,766
105,917
106,318
106,771
106,833
107,706
107,708
107,709
107,710
107,111
108,213
108,295
108,776
108,701
108,616
108,1406
109,110
110,112
111,706
111,708
111,709
111,710
112,113
112,114
112,115
112,116
112,117
112,118
112,119
112,120
112,121
112,122
112,123
112,124
112,125
112,126
112,127
112,128
112,129
112,130
113,114
113,131
113,115
113,116
113,117
113,118
113,119
113,121
113,122
113,123
113,124
113,125
113,126
113,127
113,128
113,129
114,132
114,133
114,134
114,135
114,136
114,115
114,137
114,117
114,118
114,119
114,138
114,139
114,124
114,127
115,140
115,131
115,132
115,141
115,142
115,143
115,133
115,134
115,144
115,145
115,146
115,147
115,148
115,137
115,149
115,150
115,116
115,117
115,118
115,119
115,151
115,152
115,153
115,138
115,154
115,155
115,120
115,156
115,121
115,157
115,158
115,159
115,160
115,139
115,122
115,123
115,124
115,125
115,127
115,161
115,128
115,162
115,129
115,163
115,164
116,131
116,143
116,133
116,134
116,137
116,117
116,138
116,120
116,139
116,123
116,126
116,127
116,128
116,165
116,163
116,164
117,140
117,131
117,142
117,166
117,118
117,119
117,167
117,153
117,168
117,169
117,154
117,170
117,171
117,120
117,172
117,121
117,122
117,124
117,125
117,126
117,127
117,128
117,173
117,174
117,165
117,129
117,175
117,176
117,177
118,140
118,131
118,141
118,142
118,134
118,119
118,154
118,120
118,121
118,123
118,124
118,125
118,126
118,127
118,128
118,129
119,142
119,178
119,166
119,168
119,170
119,120
119,179
119,122
119,124
119,180
119,127
119,173
119,165
119,129
120,131
120,132
120,181
120,142
120,143
120,133
120,134
120,135
120,144
120,145
120,146
120,136
120,148
120,137
120,149
120,150
120,182
120,183
120,153
120,138
120,171
120,184
120,121
120,185
120,160
120,139
120,126
120,186
120,187
120,188
120,161
120,189
120,163
120,164
121,131
121,141
121,142
121,134
121,155
121,184
121,156
121,123
121,124
121,125
121,126
121,127
121,128
122,123
122,124
122,125
122,127
122,128
122,165
122,129
123,131
123,124
123,125
123,127
123,128
123,129
124,134
124,157
124,180
124,125
124,126
124,127
124,128
124,173
124,129
125,127
125,128
125,129
126,131
126,133
126,136
126,153
126,138
126,139
126,128
127,155
127,128
127,165
127,129
128,190
128,165
128,129
129,154
130,191
130,192
130,193
130,194
130,195
130,196
130,197
131,132
131,181
131,141
131,142
131,143
131,133
131,134
131,135
131,144
131,145
131,146
131,147
131,136
131,137
131,149
131,150
131,182
131,151
131,152
131,183
131,153
131,138
131,171
131,184
131,198
131,159
131,185
131,160
131,139
131,186
131,187
131,188
131,161
131,199
131,162
131,189
131,163
131,164
132,145
132,181
132,134
132,146
132,150
132,182
132,183
132,184
132,198
132,159
132,185
132,189
132,1012
133,143
133,134
133,144
133,147
133,136
133,137
133,183
133,160
133,139
133,187
133,161
133,162
133,1013
134,145
134,148
134,181
134,143
134,135
134,144
134,146
134,147
134,136
134,137
134,150
134,171
134,185
134,160
134,139
134,186
134,188
134,161
134,162
134,189
134,163
135,313
135,143
135,144
135,147
135,136
135,1014
135,397
135,1015
135,139
135,398
135,187
135,161
135,162
135,1016
136,313
136,142
136,143
136,144
136,137
136,397
136,1015
136,160
136,139
136,398
136,187
136,188
136,161
136,162
136,400
137,143
137,144
137,160
137,139
137,187
137,161
137,162
138,181
138,141
138,142
138,149
138,153
138,156
138,189
138,163
138,164
139,313
139,141
139,142
139,143
139,144
139,147
139,397
139,1015
139,1017
139,398
139,187
139,188
139,161
139,162
139,1016
139,165
139,163
139,400
139,164
140,303
140,311
140,312
140,313
140,270
140,154
140,172
140,314
140,234
140,173
140,315
140,316
140,317
141,181
141,142
141,1115
141,153
141,185
141,186
141,189
141,163
142,1115
142,150
142,153
142,171
142,158
142,185
142,189
142,163
143,144
143,160
143,188
143,161
144,313
144,183
144,397
144,1015
144,398
144,187
144,188
144,161
144,1013
144,400
145,200
145,232
145,146
145,204
145,205
145,150
145,167
145,185
145,233
145,234
145,199
145,189
145,175
145,235
146,150
146,182
146,183
146,155
146,171
146,159
146,199
146,1012
147,159
147,160
147,161
147,1016
147,1013
148,378
148,182
148,183
148,158
148,159
149,181
149,1113
149,150
149,182
149,152
149,183
149,171
149,198
149,185
149,186
149,189
149,1114
150,181
150,152
150,153
150,171
150,184
150,198
150,185
150,186
150,189
151,475
151,620
151,466
151,293
151,1117
151,1118
151,159
152,181
152,182
152,1113
152,1116
152,183
152,155
152,171
152,184
152,198
152,156
152,159
152,185
152,189
153,155
153,156
153,157
153,158
153,159
153,199
153,163
153,164
154,205
154,312
154,313
154,368
154,406
154,244
154,167
154,397
154,172
154,407
154,408
154,371
154,234
154,316
154,409
154,175
154,410
155,159
155,165
155,158
155,156
156,159
156,160
156,164
156,158
157,163
157,158
157,1109
158,159
158,163
159,259
159,182
159,183
159,184
159,198
159,291
159,185
160,187
160,161
160,1013
161,187
161,188
161,1120
161,163
163,164
164,181
164,183
165,698
165,169
165,174
165,166
165,610
165,177
165,1181
166,169
166,174
166,168
166,170
166,1084
166,417
166,1430
166,177
166,1431
167,304
167,309
167,403
167,420
167,496
168,313
168,1430
168,170
168,1336
168,1084
168,177
168,1431
169,698
169,174
169,177
170,313
170,234
170,173
170,1430
170,1336
170,1084
170,175
170,177
170,1431
171,311
171,181
171,182
171,183
171,1113
171,184
171,198
171,185
171,186
171,199
171,189
172,205
172,244
172,407
172,411
172,234
172,173
172,412
172,175
172,413
173,417
173,418
173,407
173,409
174,698
174,177
175,232
175,407
176,234
176,755
176,1172
176,1173
176,414
176,415
176,1175
177,1084
177,179
177,1430
177,1431
178,204
178,777
178,385
178,779
178,237
178,790
178,239
178,783
178,179
178,240
178,373
178,784
178,241
178,363
178,791
178,785
178,792
179,239
179,910
179,596
179,363
179,611
179,825
179,792
179,237
179,977
179,240
179,241
179,791
179,1094
179,1476
180,249
180,645
180,409
180,985
180,1631
181,1113
181,182
181,183
181,184
181,198
181,185
181,186
181,199
181,189
181,1114
182,1113
182,1116
182,183
182,184
182,198
182,185
182,186
182,189
183,184
183,198
183,185
183,186
183,187
184,1113
184,1116
184,198
184,185
184,199
184,189
185,198
185,1113
185,1116
185,186
185,199
185,189
186,1113
186,1116
186,199
186,1119
186,189
187,1013
188,313
188,397
188,905
188,1017
188,398
188,400
189,198
189,199
189,1113
189,1116
189,1119
190,417
190,1628
191,442
191,447
191,699
191,621
191,193
191,228
191,194
191,483
192,270
192,437
192,290
192,276
192,271
192,274
192,510
192,280
192,272
192,517
192,542
192,404
192,891
192,554
192,538
192,1213
192,543
193,442
193,699
193,621
193,228
193,194
193,828
194,442
194,699
194,621
194,228
195,637
195,1043
195,605
195,1703
198,1113
199,1113
200,201
200,202
200,203
200,204
200,205
200,206
200,207
200,208
201,209
201,210
201,211
201,206
201,207
201,208
201,212
201,213
201,214
201,215
201,216
201,217
201,218
202,219
202,220
202,203
202,221
202,222
202,206
202,223
203,219
203,224
203,225
203,222
203,226
203,206
203,227
203,228
203,229
203,230
203,231
204,236
204,237
204,238
204,205
204,239
204,240
204,241
205,242
205,243
205,244
205,245
206,246
206,211
206,247
206,207
206,248
206,249
206,250
206,208
206,251
206,252
206,215
206,217
207,209
207,208
207,253
207,254
207,255
207,256
207,257
208,209
208,258
208,259
208,260
208,261
208,262
208,263
208,264
209,265
209,266
209,267
209,268
209,269
209,270
209,271
209,272
209,273
209,274
209,275
209,276
209,277
209,278
209,279
209,280
209,281
210,282
210,283
210,284
211,246
211,285
211,247
211,286
211,248
211,249
211,287
211,288
211,251
211,252
211,215
211,217
211,289
212,290
212,291
212,292
212,213
213,293
213,294
213,295
213,296
213,297
213,298
214,275
214,299
214,300
215,217
215,301
215,218
215,302
217,301
217,218
219,338
219,1214
219,1215
219,1473
220,695
220,496
220,420
220,419
220,243
220,222
220,497
220,405
220,568
220,903
221,562
221,563
221,918
221,920
222,325
222,238
222,695
222,490
222,403
222,338
222,496
222,420
222,419
222,243
222,497
222,405
222,568
222,498
222,539
224,1498
224,225
224,226
224,1499
224,231
225,1498
225,226
225,1499
225,231
226,1498
226,1499
226,231
227,273
227,246
227,247
227,541
227,692
227,248
227,249
227,251
227,252
228,699
228,648
228,649
228,650
228,652
228,231
228,654
229,612
229,1328
229,1327
229,1329
229,231
229,1330
229,1331
230,676
230,484
230,485
230,486
230,685
230,686
230,687
230,688
230,689
231,1498
231,1499
232,303
232,305
232,355
232,246
232,331
232,332
232,333
232,334
232,318
232,335
232,337
232,356
232,285
232,247
232,357
232,322
232,339
232,340
232,325
232,343
232,248
232,345
232,347
232,348
232,233
232,249
232,251
232,352
232,252
232,354
233,305
233,308
233,234
233,275
233,322
233,332
233,337
233,358
233,336
233,341
233,249
233,403
234,414
234,415
234,416
236,309
236,559
236,771
236,698
236,496
236,936
236,371
236,937
236,938
236,694
236,376
236,939
237,240
237,241
238,310
238,282
238,420
238,371
238,701
238,702
239,754
239,918
239,919
239,241
239,920
239,792
239,921
240,307
240,723
240,967
240,363
240,362
240,241
240,1007
241,792
241,918
241,920
242,698
242,244
242,359
243,365
243,695
243,496
243,419
243,367
243,497
243,405
243,498
244,520
244,817
244,968
244,528
244,408
244,368
244,371
244,698
244,367
245,328
245,332
245,344
245,341
245,348
245,1260
245,1261
246,285
246,308
246,339
246,332
246,355
246,337
246,331
246,333
246,364
246,787
246,358
246,356
246,247
246,341
246,342
246,248
246,345
246,346
246,347
246,249
246,288
246,350
246,351
246,251
246,252
246,788
246,353
246,697
247,364
247,787
247,468
247,293
247,901
247,248
247,902
247,249
247,903
247,251
247,252
247,353
247,904
248,509
248,337
248,358
248,364
248,787
248,356
248,249
248,288
248,251
248,252
248,353
249,331
249,364
249,787
249,551
249,553
249,645
249,905
249,407
249,251
249,252
249,353
249,564
249,409
249,906
250,308
250,419
251,358
251,364
251,787
251,356
251,288
251,252
251,353
252,364
252,787
252,353
252,546
253,281
253,254
253,255
253,1657
253,256
253,1658
253,257
254,255
254,256
254,257
255,281
255,1657
255,256
255,1658
255,257
256,257
258,964
258,259
258,965
258,842
258,966
258,816
258,967
258,968
258,969
258,970
258,262
259,976
259,291
259,977
259,978
259,979
259,966
259,980
259,969
259,970
259,791
259,262
259,981
259,982
260,1339
260,1340
260,1341
260,1343
260,894
260,895
260,1351
260,1345
260,1352
260,263
260,1353
261,508
261,533
261,1046
262,969
262,970
262,976
262,979
262,982
263,850
263,634
263,657
263,869
263,1264
263,1647
265,499
265,267
265,501
265,268
265,502
265,506
265,507
265,271
265,503
265,504
265,273
265,508
265,509
265,274
265,510
265,275
265,276
265,277
265,279
265,393
265,280
265,300
266,501
266,277
266,275
266,402
266,556
266,299
266,536
267,499
267,511
267,501
267,502
267,290
267,507
267,271
267,272
267,503
267,504
267,273
267,508
267,274
267,512
267,510
267,275
267,276
267,277
267,513
267,514
267,279
267,393
267,300
267,515
267,516
267,517
267,518
268,501
268,502
268,503
268,271
268,509
268,404
268,275
268,548
268,546
268,549
269,402
269,557
270,285
270,283
270,282
270,401
270,402
270,403
270,404
270,405
271,285
271,339
271,501
271,502
271,290
271,503
271,276
271,277
271,300
271,331
271,524
271,337
271,551
271,272
271,508
271,274
271,321
271,275
271,278
271,407
271,280
271,515
271,374
271,281
271,543
271,539
271,552
272,502
272,503
272,504
272,273
272,276
272,393
272,300
272,506
272,507
272,508
272,274
272,275
272,522
272,533
272,299
272,536
273,499
273,501
273,290
273,503
273,504
273,511
273,541
273,508
273,274
273,510
273,526
273,277
273,513
273,393
273,280
273,515
273,517
273,539
274,501
274,502
274,290
274,503
274,504
274,276
274,277
274,279
274,393
274,300
274,506
274,507
274,508
274,509
274,535
274,275
274,496
274,280
274,550
275,501
275,502
275,503
275,277
275,300
275,507
275,508
275,509
275,510
275,321
275,370
275,516
275,555
275,529
275,543
275,546
275,539
275,544
276,499
276,501
276,502
276,290
276,504
276,507
276,403
276,512
276,510
276,535
276,321
276,277
276,278
276,279
276,393
276,538
276,407
276,280
276,515
276,542
276,281
276,517
276,543
277,499
277,501
277,502
277,290
277,503
277,504
277,507
277,510
277,535
277,513
277,514
277,393
277,280
277,515
277,537
277,281
277,517
277,544
278,501
278,290
278,504
278,507
278,533
278,402
278,536
279,499
279,501
279,502
279,503
279,507
279,508
279,510
279,393
279,280
279,300
279,505
279,545
280,501
280,502
280,290
280,503
280,393
280,300
280,506
280,507
280,508
280,510
280,522
280,523
280,524
280,533
280,556
280,535
280,525
280,536
280,374
280,537
282,304
282,308
282,283
282,310
282,315
282,365
282,378
282,366
282,318
282,320
282,321
282,324
282,597
282,326
282,384
282,328
282,360
283,303
283,304
283,307
283,308
283,366
283,318
283,319
283,367
283,365
283,326
283,327
283,328
283,353
283,329
283,354
285,303
285,305
285,332
285,358
285,334
285,318
285,336
285,286
285,322
285,341
285,325
285,346
285,287
285,288
285,308
285,359
285,360
285,289
286,288
286,1277
286,1222
286,1282
286,287
286,1283
286,1284
287,411
287,412
287,1549
288,332
288,358
288,336
288,340
288,364
288,787
288,356
288,341
288,334
288,343
288,348
288,352
288,889
288,696
289,519
290,443
290,445
290,499
290,501
290,502
290,511
290,523
290,532
290,506
290,507
290,524
290,533
290,534
290,503
290,504
290,508
290,510
290,535
290,291
290,299
290,536
290,393
290,300
290,374
290,537
290,517
291,970
291,465
291,976
293,475
293,620
293,294
293,1117
293,1118
293,296
293,298
294,1085
294,1604
294,1605
294,296
294,298
294,1606
295,311
295,701
296,1085
296,1605
296,1035
296,297
296,298
297,298
297,863
297,1561
297,1562
297,1565
297,488
298,1605
299,501
299,393
299,300
299,506
299,507
299,508
299,510
299,519
299,522
299,523
299,532
299,524
299,533
299,535
299,572
299,525
299,526
299,513
299,536
299,521
299,573
300,499
300,501
300,502
300,504
300,393
300,506
300,507
300,524
300,508
300,512
300,321
300,525
300,526
300,536
300,370
300,515
300,517
300,547
301,1484
303,304
303,305
303,306
303,307
303,308
303,309
303,310
304,318
304,319
304,307
304,320
304,321
304,322
304,323
304,324
304,325
304,308
304,326
304,327
304,328
304,310
304,329
304,330
305,331
305,332
305,333
305,334
305,318
305,335
305,336
305,337
305,320
305,338
305,321
305,322
305,324
305,339
305,340
305,341
305,342
305,343
305,344
305,345
305,346
305,347
305,348
305,349
305,350
305,351
305,352
305,353
305,354
306,361
307,362
307,321
307,323
307,308
307,326
307,363
307,329
308,355
308,331
308,332
308,364
308,358
308,334
308,336
308,319
308,320
308,321
308,322
308,324
308,339
308,340
308,365
308,341
308,342
308,343
308,345
308,347
308,349
308,326
308,351
308,352
308,328
308,353
308,310
308,359
308,354
309,368
309,369
309,318
309,370
309,371
309,372
309,373
309,374
309,375
309,376
310,377
310,378
310,379
310,366
310,380
310,381
310,382
310,324
310,383
310,365
310,326
310,384
310,328
310,315
310,360
311,385
311,369
311,313
311,386
311,387
311,388
311,389
311,373
311,390
311,315
312,391
312,392
312,393
312,394
312,395
313,396
313,397
313,398
313,399
313,400
315,419
315,420
315,344
316,407
316,421
316,422
318,368
318,336
318,337
318,695
318,346
318,371
319,401
319,322
319,359
320,332
320,333
320,366
320,324
320,340
320,348
320,326
320,328
320,696
321,501
321,336
321,404
321,322
321,324
321,370
321,345
321,555
321,374
321,359
321,354
321,330
322,339
322,355
322,332
322,333
322,364
322,358
322,336
322,323
322,340
322,325
322,343
322,344
322,346
322,347
322,348
322,350
322,351
322,697
322,329
322,359
323,698
324,332
324,340
324,346
324,348
324,326
324,328
325,699
325,336
325,695
325,405
325,371
326,378
326,366
326,384
326,328
327,520
327,350
328,365
328,366
328,497
328,371
328,700
329,350
330,405
331,337
331,358
331,340
331,346
331,341
331,407
332,339
332,509
332,777
332,355
332,333
332,364
332,787
332,334
332,335
332,336
332,337
332,780
332,356
332,357
332,340
332,341
332,342
332,343
332,346
332,347
332,348
332,349
332,669
332,350
332,373
332,788
332,696
332,789
333,509
333,337
333,358
333,335
333,336
333,340
333,346
333,334
333,341
333,342
333,345
333,350
333,353
334,339
334,337
334,358
334,335
334,336
334,340
334,346
334,787
334,341
334,342
334,345
334,788
334,697
334,357
334,343
334,349
334,352
334,354
335,509
335,355
335,337
335,358
335,336
335,891
335,892
335,357
335,340
335,341
335,345
335,346
335,350
335,788
335,353
336,339
336,360
336,355
336,337
336,358
336,364
336,787
336,356
336,340
336,341
336,342
336,343
336,345
336,346
336,348
336,349
336,350
336,351
336,352
336,353
336,697
336,354
337,339
337,385
337,369
337,373
337,358
337,357
337,340
337,341
337,342
337,343
337,344
337,345
337,346
337,347
337,350
337,351
337,352
337,788
337,353
337,697
338,346
338,345
338,371
338,698
338,918
338,496
339,423
339,424
339,358
339,341
339,344
339,346
339,372
339,373
340,355
340,364
340,787
340,356
340,357
340,341
340,342
340,343
340,345
340,346
340,347
340,349
340,350
340,351
340,352
340,788
340,353
340,697
341,509
341,358
341,346
341,364
341,787
341,357
341,342
341,343
341,345
341,347
341,348
341,349
341,350
341,351
341,352
341,697
342,358
342,346
342,364
342,787
342,343
342,348
342,352
342,353
343,358
343,364
343,787
343,356
343,348
343,352
344,355
344,416
344,348
344,351
344,353
345,358
345,346
345,357
345,350
345,788
346,355
346,358
346,347
346,351
346,352
346,788
346,353
346,697
347,358
347,364
347,348
347,353
348,364
348,787
348,356
348,350
348,349
348,696
349,788
351,358
352,358
352,356
352,353
353,732
353,788
353,697
354,509
354,695
354,358
354,496
355,509
355,385
355,373
355,358
355,663
355,795
355,665
355,672
356,358
356,364
356,787
356,900
356,889
356,696
357,358
357,788
357,697
358,364
358,407
358,889
358,890
359,364
360,420
360,695
361,402
362,723
362,967
362,363
362,1190
362,543
362,1007
363,725
363,840
363,1049
363,1084
363,1111
363,1112
364,787
364,889
364,696
365,423
365,366
365,496
365,497
365,498
365,457
366,368
366,698
366,371
367,418
367,909
367,496
367,617
367,1581
368,567
368,559
368,374
368,838
368,698
368,561
368,1121
368,371
368,1122
369,777
369,385
369,778
369,779
369,780
369,781
369,782
369,783
369,372
369,373
369,784
369,375
369,785
369,786
370,501
370,402
370,533
370,864
371,559
371,374
371,698
371,561
371,1121
371,700
372,777
372,385
372,778
372,779
372,780
372,781
372,782
372,783
372,373
372,784
372,785
373,777
373,385
373,778
373,779
373,780
373,781
373,782
373,783
373,784
373,375
373,785
374,501
374,504
374,402
374,519
374,403
375,376
375,1264
375,1265
377,423
377,424
377,425
377,426
377,427
377,428
377,429
377,430
377,431
377,432
377,433
377,434
377,406
377,435
377,436
377,437
377,438
377,381
377,382
377,439
377,440
377,441
377,442
377,443
377,444
377,445
377,446
377,447
377,448
377,449
377,450
377,451
377,452
378,379
378,384
379,384
379,380
379,1008
379,1009
379,1010
380,1008
380,1009
380,1011
380,1010
381,423
381,424
381,425
381,426
381,427
381,428
381,429
381,430
381,431
381,432
381,433
381,434
381,406
381,435
381,436
381,437
381,438
381,382
381,439
381,440
381,441
381,442
381,443
381,444
381,445
381,446
381,447
381,448
381,449
381,450
381,451
381,452
382,423
382,424
382,425
382,426
382,431
382,433
382,437
382,438
382,439
382,444
382,445
382,447
382,448
382,451
383,764
383,1418
383,1416
383,1419
384,704
384,396
384,399
385,777
385,778
385,779
385,780
385,781
385,782
385,783
385,784
385,785
385,786
386,1251
386,1212
386,389
386,1266
386,1267
386,1268
386,1269
386,1270
387,847
387,558
387,848
387,794
387,850
387,852
387,853
387,854
387,855
387,570
387,859
388,450
388,1094
389,1138
389,1140
389,1169
389,492
389,1212
389,1266
389,1267
390,979
390,1271
390,1272
390,808
391,836
391,838
391,392
391,659
391,394
391,837
391,839
391,395
392,836
392,840
392,394
392,837
392,839
392,395
392,841
393,499
393,501
393,503
393,511
393,519
393,523
393,506
393,507
393,533
393,541
393,508
393,525
393,526
393,513
393,536
393,515
393,517
393,546
393,539
394,836
394,837
394,839
394,395
395,836
395,837
395,838
395,839
396,704
396,399
396,1429
397,1015
397,398
397,1120
397,1016
397,400
398,1017
398,905
398,1015
398,399
398,400
399,704
399,400
399,1360
400,1017
400,1013
400,905
400,1015
400,1016
401,1443
401,420
401,1444
401,1445
401,1446
401,1447
401,1448
401,1449
402,558
402,559
402,560
402,403
402,561
402,556
402,562
402,563
402,553
402,516
402,564
402,421
402,530
402,565
402,544
402,566
403,516
403,559
403,407
403,419
403,561
403,420
403,496
403,405
403,1124
404,502
404,1213
405,695
405,898
405,420
405,419
405,568
406,423
406,424
406,425
406,426
406,427
406,428
406,429
406,430
406,431
406,433
406,434
406,455
406,435
406,458
406,436
406,437
406,438
406,440
406,441
406,443
406,444
406,456
406,445
406,446
406,447
406,460
406,448
406,449
406,451
406,452
406,463
407,1007
408,1054
408,1056
408,1057
408,1058
408,1064
408,648
408,1065
408,1068
408,1069
408,1070
408,1071
408,1074
408,1075
408,1076
408,1077
408,1079
408,1080
408,1090
408,1091
409,600
409,465
409,493
409,645
409,1298
409,905
409,1336
409,906
410,792
410,1660
411,757
411,412
411,413
412,413
413,757
414,755
414,1172
414,1173
414,1174
414,415
414,1175
415,755
415,1172
415,1173
415,1174
415,1175
416,699
417,1304
417,1159
417,1298
417,1336
417,1514
418,580
418,614
418,615
418,616
418,617
418,618
418,619
419,695
419,496
419,420
419,568
420,695
420,496
420,669
421,885
421,422
421,1547
422,647
422,1481
422,1547
422,1665
423,424
423,425
423,430
423,432
423,453
423,454
423,455
423,436
423,437
423,438
423,440
423,441
423,456
423,446
423,447
423,448
423,451
423,457
424,425
424,426
424,427
424,428
424,429
424,430
424,431
424,432
424,453
424,454
424,455
424,433
424,434
424,435
424,458
424,436
424,437
424,438
424,459
424,440
424,441
424,443
424,444
424,456
424,445
424,446
424,447
424,460
424,448
424,449
424,451
424,452
424,461
425,426
425,427
425,428
425,429
425,430
425,431
425,433
425,434
425,435
425,458
425,437
425,438
425,440
425,441
425,443
425,444
425,456
425,445
425,446
425,447
425,460
425,448
425,451
425,452
426,427
426,428
426,429
426,430
426,431
426,455
426,433
426,434
426,435
426,458
426,436
426,437
426,438
426,459
426,462
426,440
426,441
426,443
426,444
426,456
426,445
426,446
426,447
426,460
426,448
426,449
426,451
426,452
426,463
427,428
427,429
427,430
427,431
427,432
427,455
427,433
427,434
427,435
427,458
427,436
427,437
427,438
427,459
427,440
427,441
427,443
427,444
427,456
427,445
427,446
427,447
427,460
427,448
427,449
427,451
427,452
427,461
428,429
428,430
428,431
428,432
428,455
428,433
428,434
428,435
428,458
428,436
428,437
428,438
428,459
428,440
428,441
428,443
428,444
428,456
428,445
428,446
428,447
428,460
428,448
428,449
428,451
428,452
428,461
429,430
429,431
429,432
429,433
429,434
429,435
429,458
429,436
429,437
429,438
429,440
429,441
429,442
429,443
429,444
429,445
429,446
429,447
429,460
429,448
429,449
429,450
429,451
429,452
430,431
430,432
430,453
430,455
430,433
430,434
430,435
430,458
430,436
430,437
430,438
430,459
430,440
430,441
430,443
430,444
430,456
430,445
430,446
430,447
430,460
430,448
430,449
430,451
430,452
430,461
431,432
431,455
431,433
431,434
431,435
431,458
431,436
431,437
431,438
431,459
431,440
431,441
431,443
431,444
431,456
431,445
431,446
431,447
431,460
431,448
431,449
431,451
431,452
431,461
432,453
432,454
432,455
432,434
432,435
432,458
432,436
432,437
432,438
432,440
432,441
432,443
432,444
432,446
432,447
432,448
432,449
432,450
432,451
432,452
432,464
433,455
433,434
433,435
433,458
433,436
433,437
433,438
433,459
433,440
433,441
433,443
433,444
433,456
433,445
433,446
433,447
433,460
433,448
433,449
433,451
433,452
434,455
434,435
434,458
434,436
434,437
434,438
434,459
434,462
434,440
434,441
434,443
434,444
434,456
434,445
434,446
434,447
434,460
434,449
434,451
434,452
434,461
435,453
435,455
435,458
435,436
435,437
435,438
435,459
435,462
435,440
435,441
435,443
435,444
435,456
435,445
435,446
435,447
435,460
435,448
435,449
435,451
435,452
436,453
436,454
436,455
436,465
436,458
436,437
436,438
436,440
436,441
436,442
436,443
436,444
436,445
436,446
436,447
436,448
436,449
436,450
436,451
436,452
437,453
437,455
437,458
437,438
437,459
437,440
437,441
437,443
437,444
437,456
437,445
437,446
437,447
437,460
437,448
437,449
437,451
438,455
438,458
438,459
438,440
438,441
438,443
438,444
438,456
438,445
438,446
438,447
438,460
438,448
438,449
438,451
438,452
438,461
439,466
439,467
439,468
439,469
439,470
439,471
439,472
439,473
439,474
440,455
440,458
440,441
440,443
440,444
440,445
440,446
440,447
440,460
440,448
440,449
440,451
440,452
440,463
441,455
441,458
441,462
441,443
441,444
441,456
441,445
441,446
441,447
441,460
441,448
441,449
441,451
441,452
441,463
442,475
442,476
442,477
442,449
442,478
442,479
442,480
442,481
442,482
443,455
443,458
443,459
443,444
443,456
443,445
443,446
443,447
443,460
443,448
443,449
443,451
443,452
443,461
444,458
444,462
444,456
444,445
444,446
444,447
444,460
444,448
444,449
444,451
444,452
445,455
445,458
445,459
445,456
445,446
445,447
445,460
445,448
445,449
445,451
445,452
445,463
445,461
446,455
446,458
446,456
446,447
446,460
446,448
446,449
446,451
446,452
446,463
447,453
447,455
447,458
447,459
447,448
447,449
447,451
447,483
447,452
447,461
448,458
448,449
448,451
448,452
449,455
449,458
449,459
449,460
449,450
449,451
449,452
449,461
450,484
450,485
450,486
450,452
450,487
450,488
450,489
451,455
451,458
451,459
451,456
451,460
451,452
451,461
452,458
452,456
452,460
452,463
453,454
453,455
453,465
453,490
453,491
454,492
454,455
454,493
454,494
454,495
455,465
455,458
455,459
455,456
455,460
455,461
456,458
456,462
456,460
456,463
458,462
458,460
458,463
459,460
459,461
459,833
460,834
460,461
461,835
462,575
462,576
462,577
462,578
465,958
465,966
465,648
465,1216
465,1217
465,1218
465,554
465,1219
465,649
465,650
465,645
465,652
465,1257
465,654
466,879
466,931
466,1458
466,757
466,469
466,656
466,470
466,471
466,472
466,1467
466,473
467,470
467,468
467,902
467,1566
468,472
468,469
468,470
468,1522
468,902
469,472
469,470
469,471
469,1467
469,473
470,472
470,471
470,473
471,472
471,473
471,474
472,1458
472,1467
472,473
473,1467
475,476
475,620
475,1117
475,1118
476,620
476,1117
476,1118
476,482
477,482
477,480
477,481
478,911
478,649
478,807
478,1511
478,1583
478,479
479,807
479,1511
479,1583
480,482
480,481
481,482
482,553
482,1254
482,1255
483,699
483,829
483,830
483,831
483,832
484,676
484,485
484,486
484,681
484,678
484,680
485,676
485,677
485,682
485,486
485,683
485,678
485,679
485,684
485,680
486,676
486,681
486,678
486,680
487,684
487,488
488,684
488,1565
488,489
490,1054
490,1058
490,1069
490,1074
491,1292
491,1293
491,1294
492,635
492,1169
492,1251
492,1143
492,493
492,655
492,1146
492,1295
492,660
492,661
492,1296
492,1297
493,1298
493,494
493,495
494,495
494,1299
494,1300
495,1299
495,1300
496,556
496,695
496,497
496,669
496,498
496,1182
497,568
497,498
498,1582
499,500
499,501
499,502
499,503
499,504
499,505
500,519
500,520
500,521
501,511
501,522
501,523
501,502
501,507
501,524
501,503
501,504
501,508
501,512
501,510
501,525
501,526
501,513
501,514
501,527
501,528
501,515
501,516
501,529
501,517
501,530
502,511
502,507
502,503
502,504
502,508
502,512
502,510
502,525
502,513
502,514
502,527
502,515
502,516
502,517
502,531
503,511
503,506
503,507
503,504
503,508
503,509
503,512
503,535
503,513
503,538
503,517
503,539
504,511
504,507
504,510
504,535
504,525
504,514
504,527
504,540
506,523
506,532
506,507
506,533
506,525
506,513
506,536
506,550
507,511
507,522
507,523
507,533
507,508
507,512
507,510
507,525
507,514
507,536
507,527
507,528
507,515
507,517
507,543
507,544
508,511
508,523
508,524
508,533
508,525
508,553
508,536
508,515
508,517
508,550
509,554
509,546
510,512
510,525
510,538
511,535
512,535
512,514
512,775
513,523
515,527
516,776
516,616
519,536
519,559
519,533
519,572
519,529
519,521
519,550
520,814
520,815
520,816
520,817
520,818
520,819
520,820
520,821
521,572
521,812
521,813
522,524
522,523
522,525
522,526
522,528
522,775
522,545
523,536
523,533
523,524
523,532
523,1018
523,525
523,526
523,528
524,536
524,567
524,533
524,772
524,754
524,532
524,917
525,536
525,533
525,532
525,526
526,536
526,533
526,532
527,528
527,531
527,547
531,1214
531,1215
532,536
532,533
533,536
533,534
533,811
534,536
534,650
534,652
535,775
535,542
535,550
536,574
538,1214
538,1215
540,753
540,864
541,692
542,797
542,1045
542,1046
542,891
542,801
542,1048
548,572
549,937
549,938
551,559
551,776
551,1123
554,990
554,1216
554,1217
554,1218
554,1219
554,1250
554,1213
554,1248
554,1249
556,567
556,568
556,569
556,570
556,571
556,566
557,1342
557,931
557,1124
558,847
558,848
558,562
558,563
558,794
558,850
558,852
558,853
558,854
558,855
558,570
558,817
558,859
559,810
560,562
560,1545
562,563
562,817
563,817
563,888
564,1546
567,748
567,742
567,771
567,772
567,773
567,774
568,1471
568,1474
569,772
569,1197
569,879
569,770
570,847
570,848
570,794
570,850
570,852
570,853
570,854
570,855
570,859
572,775
572,812
573,681
574,1049
574,1050
574,691
574,692
574,737
574,1209
574,834
574,1210
575,576
575,577
575,578
576,577
576,578
577,578
579,581
579,582
579,584
580,588
580,589
580,590
580,591
580,592
580,593
580,594
581,582
581,583
581,584
581,585
581,587
582,584
583,595
583,596
583,597
583,584
583,607
583,585
583,608
583,599
583,600
583,609
583,587
583,606
584,585
585,587
586,621
586,622
586,623
586,624
586,611
586,625
586,626
586,627
586,628
586,629
586,630
586,631
586,632
586,633
587,598
588,1024
588,1025
588,1026
588,591
588,1027
588,1028
589,1029
589,642
589,643
589,1030
589,593
589,594
590,644
591,1031
591,1032
593,1029
593,642
593,643
593,1030
593,594
595,597
595,596
595,607
595,600
595,703
595,598
595,608
595,599
595,609
596,597
596,607
596,598
596,608
596,599
596,600
596,609
597,703
597,607
597,598
597,608
597,599
597,600
598,607
598,600
598,1211
598,608
598,599
598,609
599,607
599,600
599,608
600,607
600,645
600,608
600,605
601,637
601,1130
601,1131
601,1132
601,1134
601,1135
601,1042
601,1041
601,1149
601,1150
601,1145
601,1151
601,1152
601,1043
601,1137
601,1141
601,1139
601,1140
601,1158
602,1482
603,656
603,606
604,672
604,636
604,664
604,667
604,668
604,673
605,1043
605,1484
607,703
607,608
608,703
609,655
609,660
609,1149
609,1158
610,1288
610,1428
610,1620
611,621
611,622
611,623
611,825
611,625
611,826
611,628
611,827
611,630
611,631
611,1301
612,1327
612,642
612,843
614,695
614,648
614,649
614,650
614,652
614,654
614,617
614,618
614,619
615,648
615,649
615,650
615,652
615,654
615,834
615,617
615,962
615,1550
615,963
616,701
616,1406
616,1666
617,618
617,619
617,770
618,650
618,619
618,1432
619,650
619,1432
620,1251
620,1252
620,1117
620,1118
620,1253
621,699
621,622
621,623
621,624
621,825
621,826
621,628
621,827
621,629
621,630
621,631
622,624
622,623
622,826
622,628
622,827
622,629
622,630
622,631
623,624
623,826
623,628
623,827
623,629
623,630
623,631
623,1036
624,1033
624,1034
624,1035
624,826
624,628
624,827
624,629
624,630
624,1036
624,1037
624,1038
626,627
626,632
626,633
627,632
627,633
628,825
628,629
628,630
629,826
629,827
629,630
629,631
629,1036
630,825
630,826
630,827
630,1036
631,826
631,827
632,633
634,850
634,655
634,656
634,657
634,658
634,869
634,635
634,660
634,661
635,655
635,656
635,657
635,658
635,1039
635,660
635,647
635,661
636,663
636,672
636,896
636,666
636,667
636,668
636,670
636,673
636,1040
637,1041
637,1042
637,1043
641,1130
641,1131
641,1142
641,1143
641,1144
641,1132
641,703
641,1134
641,1135
641,1145
641,1146
641,1039
641,670
641,1043
641,1137
642,1029
642,643
642,1030
643,863
643,1029
643,1030
643,1332
643,1333
644,1334
644,1335
645,905
645,1336
645,906
646,1337
646,1338
648,1054
648,1056
648,1057
648,1058
648,1059
648,1061
648,1062
648,1064
648,1065
648,649
648,1068
648,1069
648,1070
648,650
648,1071
648,1072
648,1074
648,1075
648,652
648,1077
648,1078
648,1079
648,1080
648,1084
648,1081
648,654
648,917
649,917
649,650
649,652
649,654
650,917
650,652
650,654
650,1432
651,669
651,1257
651,1222
651,1435
651,1256
651,1439
651,653
651,1125
652,966
652,917
652,654
653,669
653,1256
653,1435
654,917
655,656
655,657
655,658
655,1039
655,660
655,661
655,662
656,851
656,855
656,660
656,661
656,915
656,657
656,1471
656,658
656,1472
657,850
657,660
657,661
657,764
657,658
657,869
658,660
658,661
659,746
659,844
659,845
659,846
660,661
663,664
663,665
663,896
663,897
663,666
663,667
663,668
663,670
663,672
663,673
663,674
664,665
664,672
664,896
664,897
664,666
664,667
664,668
664,673
665,896
665,897
665,666
665,667
665,668
665,669
665,672
665,673
666,672
666,670
666,1040
666,896
666,897
666,667
666,668
666,673
666,1576
667,672
667,670
667,896
667,668
667,673
668,672
668,896
668,897
668,673
669,695
669,1256
669,1257
669,1258
669,789
670,1143
670,1146
670,1039
670,1040
670,1168
670,1311
671,1273
671,1252
671,1275
671,1276
671,824
672,896
672,673
673,896
673,897
676,677
676,678
676,679
676,680
677,679
678,682
678,684
680,690
680,691
680,692
680,693
681,694
682,683
683,807
683,808
683,806
683,809
684,806
685,686
685,689
686,689
687,1671
687,688
688,1671
688,1672
690,796
690,797
690,693
691,1208
691,692
691,737
691,1209
691,1210
692,1208
692,737
692,1209
693,796
693,797
693,802
693,803
694,965
694,936
694,983
694,1085
694,984
695,699
696,787
696,1262
696,1263
697,788
699,822
701,776
701,1228
701,1232
701,1236
701,1406
703,1131
703,1134
703,1042
703,1137
703,1139
703,1140
703,1160
703,1142
703,1143
703,1159
703,790
703,1161
703,1162
703,1163
703,1164
703,1148
703,1165
703,1146
703,1039
703,1166
703,1167
703,1168
704,1429
705,706
705,707
706,707
706,708
706,709
708,709
708,711
708,712
708,713
709,714
709,715
709,711
709,716
709,713
710,1193
710,1650
711,1344
711,1347
711,713
714,1694
714,715
714,716
715,1695
715,716
715,1696
717,718
717,719
717,720
717,721
717,722
717,723
717,724
717,725
717,726
717,727
717,728
717,729
717,730
718,731
718,719
718,720
718,721
718,732
718,733
718,723
718,724
718,725
718,726
718,727
718,728
718,729
718,730
719,731
719,734
719,720
719,721
719,723
719,725
719,726
719,728
719,730
719,735
720,721
720,736
720,724
720,725
720,726
720,727
720,728
720,729
720,737
720,730
721,731
721,733
721,722
721,723
721,724
721,725
721,726
721,727
721,728
721,729
721,730
722,738
722,731
722,734
722,739
722,732
722,736
722,723
722,740
722,741
722,728
722,729
722,742
723,731
723,724
723,725
723,726
723,727
723,730
724,725
724,726
724,730
724,743
725,744
725,731
725,734
725,739
725,732
725,736
725,745
725,746
725,726
725,740
725,727
725,728
725,729
725,742
725,730
726,731
726,734
726,727
726,728
726,729
726,730
727,731
727,734
727,739
727,747
727,733
727,728
727,729
727,730
728,731
728,733
728,729
728,730
729,731
729,747
729,745
729,733
729,730
730,738
730,732
730,736
730,733
730,740
731,744
731,748
731,738
731,734
731,739
731,732
731,736
731,749
731,750
731,747
731,745
731,733
731,751
731,740
731,752
731,741
731,742
731,753
732,744
732,754
732,755
732,756
732,734
732,739
732,757
732,749
732,750
732,747
732,745
732,733
732,751
732,740
733,744
733,748
733,738
733,734
733,739
733,736
733,749
733,750
733,747
733,745
733,751
733,740
733,752
733,758
733,759
733,741
733,742
733,760
733,761
733,762
733,763
734,744
734,738
734,764
734,739
734,749
734,747
734,745
734,751
734,740
734,765
736,744
736,738
736,739
736,749
736,750
736,747
736,745
736,751
736,740
737,1208
737,1209
737,1210
738,744
738,748
738,739
738,749
738,750
738,747
738,745
738,751
738,740
738,752
738,741
738,742
738,761
739,744
739,748
739,749
739,750
739,747
739,766
739,745
739,751
739,740
739,752
739,741
739,742
739,761
740,744
740,748
740,749
740,750
740,747
740,745
740,751
740,756
740,752
740,741
740,742
740,761
740,768
741,744
741,749
741,750
741,747
741,745
741,751
742,744
742,749
742,750
742,747
742,751
742,764
742,770
744,748
744,749
744,750
744,747
744,745
744,751
744,752
744,761
745,749
745,750
745,747
745,767
746,854
746,1359
746,1271
746,915
746,792
747,748
747,749
747,750
747,754
747,752
747,761
748,749
748,751
749,751
749,752
749,761
749,767
750,764
750,751
750,752
751,752
752,769
753,847
753,771
753,860
753,886
754,859
754,771
754,766
754,907
754,908
754,909
754,910
754,911
754,912
754,913
755,1172
755,914
755,1173
755,1174
755,1175
756,1197
756,879
756,1391
756,1214
756,1215
756,1392
757,914
757,1149
757,924
757,1360
758,759
758,760
758,762
758,763
759,760
759,762
759,763
760,762
760,763
762,763
764,1415
764,1416
764,1417
765,1427
766,798
766,772
766,924
766,925
766,926
768,1571
768,883
768,1669
768,1670
770,799
770,879
771,772
771,907
772,847
772,856
772,773
772,857
772,858
772,870
772,774
773,1363
774,925
774,804
774,1410
774,1411
774,1412
774,1413
774,1414
776,1403
776,1227
776,1228
776,1229
776,1230
776,1123
776,1232
776,1234
776,1235
776,1236
776,1406
777,778
777,779
777,780
777,781
777,782
777,783
777,784
777,785
778,779
778,780
778,781
778,782
778,783
778,784
778,785
778,786
779,780
779,781
779,782
779,783
779,784
779,785
780,781
780,782
780,783
780,784
780,785
781,782
781,783
781,784
781,785
782,783
782,784
782,785
783,784
783,785
783,793
784,794
784,785
785,786
787,898
787,899
790,972
790,1134
790,1042
790,1160
790,1142
790,1373
790,1144
790,1374
790,1159
790,1379
790,1161
790,1162
790,1163
790,1164
790,1381
790,1148
790,1165
790,1375
790,1166
790,1376
790,1377
790,1378
790,1167
790,1380
790,1170
791,977
791,978
791,1477
791,980
791,981
792,915
792,918
792,920
792,1364
794,847
794,865
794,850
794,852
794,866
794,855
794,867
794,868
796,798
796,797
796,799
797,800
797,801
798,804
798,805
800,1318
800,1572
800,1673
801,891
804,870
804,1410
804,1411
804,988
805,1018
805,1019
805,1020
805,1021
805,1022
805,1023
805,880
807,1508
807,1509
807,1510
807,1511
807,1512
807,1513
808,1393
808,1213
808,1248
808,979
808,925
808,1654
814,990
814,1238
814,1017
814,818
814,1088
814,820
814,877
814,1239
814,821
815,1245
815,819
816,838
816,856
816,964
816,842
816,985
816,967
816,968
816,972
816,987
816,974
816,988
816,975
817,830
818,990
818,1238
818,820
818,821
819,1245
819,1633
819,1634
820,1238
820,821
821,1238
822,823
822,824
824,1252
824,1275
824,1276
824,1288
824,1289
824,1290
824,1291
825,826
825,827
825,1301
826,827
827,1242
827,1035
828,880
829,1188
829,830
829,832
830,831
830,832
831,832
834,1049
834,1050
834,1190
834,1192
835,915
835,1360
835,1544
836,837
837,839
838,842
838,843
840,1096
840,1097
840,1098
840,1100
840,1101
840,1103
840,1104
840,1106
840,1107
842,964
842,985
842,967
842,968
842,975
842,986
843,861
843,945
843,947
843,1478
847,848
847,849
847,850
847,851
847,852
847,853
847,854
847,855
847,856
847,857
847,858
847,859
847,860
848,861
848,862
848,850
848,852
848,863
848,855
848,864
849,852
850,852
850,853
850,854
850,869
850,855
850,859
851,852
851,871
851,855
851,868
851,872
852,853
852,854
852,855
852,857
852,858
852,859
853,855
853,873
853,874
854,875
854,855
854,857
854,876
854,877
854,878
855,858
855,859
856,879
856,880
857,881
857,882
858,883
858,884
859,885
860,887
861,945
861,947
862,1614
862,864
863,1615
863,1195
863,1030
863,1616
864,1245
864,1349
864,1614
864,1617
865,1545
865,866
865,867
866,867
867,1186
867,1250
867,1636
868,1637
868,1638
870,1410
871,872
873,1651
875,1525
876,877
876,1278
876,916
876,1245
876,1286
876,882
876,1287
876,1247
877,1242
877,1243
877,1244
877,1245
877,916
877,1246
877,882
877,1247
878,1614
879,1393
880,1019
880,1411
881,1190
882,1704
883,1571
885,1328
885,1327
885,1329
885,1331
887,904
888,939
889,1383
891,892
892,1452
894,1339
894,1341
894,895
894,1351
895,1339
895,1351
898,918
900,1356
900,1357
901,903
901,1475
903,1475
903,904
904,1475
905,1139
905,1017
905,1250
905,1572
905,906
907,927
908,928
908,925
909,924
909,929
909,930
910,931
910,932
911,931
911,934
911,935
912,913
914,1122
914,1126
914,1176
914,931
914,1177
915,1360
916,1361
916,1033
916,1362
916,931
917,1211
917,1408
917,1409
918,920
919,1584
919,1585
919,1586
919,1587
919,1588
919,1589
919,1590
922,940
922,943
922,923
924,1540
924,1541
924,1542
925,1418
925,1650
926,1169
928,1438
928,1690
929,1308
931,973
931,1361
931,1033
931,1393
931,1360
931,1395
932,949
932,1700
933,1708
933,1709
934,1717
936,965
936,983
936,984
937,938
937,1183
937,1184
938,1185
939,1186
939,1187
940,943
941,948
941,949
942,950
942,951
942,952
943,1556
945,1243
945,1478
945,947
948,971
948,1216
948,1221
948,1222
948,1223
948,1224
948,949
949,1222
949,1221
949,1157
950,1244
950,1515
950,1516
950,1517
950,1519
950,1520
950,1521
951,1524
951,1525
951,952
954,955
954,956
954,957
954,958
954,959
954,960
954,961
955,956
955,957
955,958
955,959
955,960
955,961
956,957
956,958
956,959
956,960
956,961
957,958
957,959
957,960
957,961
958,959
958,962
958,960
958,961
958,963
959,960
959,961
960,961
962,963
964,971
964,967
964,968
964,972
964,973
964,974
964,975
965,983
965,984
966,976
966,979
966,969
966,970
967,968
967,974
967,975
967,989
968,974
968,975
968,989
969,976
969,979
969,970
971,990
971,991
971,992
971,993
971,994
971,995
971,996
971,997
971,998
972,999
972,974
972,975
972,1000
973,1001
973,1002
973,1003
973,1004
973,1005
974,975
974,1006
975,985
975,988
976,979
977,978
977,1477
977,980
977,981
977,1574
978,1477
978,1193
978,980
978,981
979,1573
980,1477
980,1035
980,981
981,1477
982,1575
983,1538
983,984
983,1539
985,1653
988,1661
988,1410
988,1411
988,1662
990,1216
990,991
990,1217
990,1218
990,1219
990,993
990,994
990,1220
990,996
990,997
991,993
991,994
991,996
991,997
992,995
993,994
993,996
993,997
994,996
994,997
995,1418
996,997
1002,1639
1002,1640
1002,1641
1002,1642
1002,1643
1002,1644
1002,1645
1002,1646
1007,1569
1008,1009
1008,1010
1009,1010
1014,1016
1016,1120
1017,1095
1018,1019
1018,1020
1018,1021
1018,1022
1018,1023
1019,1020
1019,1021
1019,1022
1019,1023
1020,1021
1020,1022
1020,1023
1021,1022
1021,1023
1022,1023
1024,1027
1024,1028
1025,1192
1025,1026
1026,1192
1027,1028
1029,1030
1033,1038
1033,1361
1033,1034
1033,1037
1033,1393
1034,1038
1034,1398
1034,1037
1035,1301
1036,1365
1036,1366
1036,1367
1036,1368
1036,1369
1036,1370
1037,1399
1037,1400
1037,1401
1037,1402
1038,1339
1038,1340
1038,1342
1038,1343
1038,1344
1038,1345
1038,1346
1038,1347
1039,1143
1039,1146
1039,1420
1039,1168
1039,1311
1040,1143
1040,1146
1040,1168
1040,1311
1041,1134
1041,1042
1041,1043
1041,1169
1041,1160
1041,1149
1041,1150
1041,1145
1041,1151
1041,1152
1041,1154
1041,1158
1042,1130
1042,1131
1042,1132
1042,1133
1042,1134
1042,1135
1042,1142
1042,1149
1042,1148
1042,1150
1042,1145
1042,1136
1042,1151
1042,1152
1042,1153
1042,1154
1042,1043
1042,1137
1042,1155
1042,1141
1042,1156
1042,1139
1042,1140
1042,1157
1042,1158
1043,1131
1043,1132
1043,1133
1043,1134
1043,1135
1043,1136
1043,1139
1043,1140
1043,1160
1043,1169
1043,1150
1043,1145
1043,1151
1043,1152
1043,1170
1043,1141
1044,1045
1045,1046
1045,1047
1045,1048
1046,1047
1046,1048
1047,1049
1047,1050
1047,1048
1047,1051
1047,1052
1048,1053
1049,1188
1049,1192
1049,1193
1049,1050
1049,1051
1049,1190
1049,1194
1050,1188
1050,1192
1050,1051
1050,1190
1051,1188
1051,1195
1051,1196
1051,1190
1053,1503
1053,1504
1053,1505
1054,1055
1054,1056
1054,1057
1054,1058
1054,1059
1054,1060
1054,1061
1054,1062
1054,1063
1054,1064
1054,1065
1054,1066
1054,1067
1054,1068
1054,1069
1054,1070
1054,1071
1054,1072
1054,1073
1054,1074
1054,1075
1054,1076
1054,1077
1054,1078
1054,1079
1054,1080
1054,1081
1055,1056
1055,1057
1055,1058
1055,1059
1055,1060
1055,1061
1055,1062
1055,1063
1055,1064
1055,1065
1055,1067
1055,1082
1055,1068
1055,1069
1055,1070
1055,1071
1055,1072
1055,1073
1055,1074
1055,1075
1055,1076
1055,1077
1055,1078
1055,1079
1055,1081
1056,1057
1056,1058
1056,1059
1056,1060
1056,1061
1056,1062
1056,1063
1056,1064
1056,1065
1056,1067
1056,1068
1056,1069
1056,1070
1056,1071
1056,1072
1056,1073
1056,1074
1056,1075
1056,1076
1056,1077
1056,1078
1056,1079
1056,1083
1056,1080
1056,1084
1056,1081
1057,1058
1057,1059
1057,1060
1057,1061
1057,1062
1057,1064
1057,1065
1057,1067
1057,1068
1057,1069
1057,1070
1057,1071
1057,1072
1057,1074
1057,1075
1057,1085
1057,1077
1057,1078
1057,1079
1057,1080
1057,1084
1057,1081
1058,1059
1058,1060
1058,1061
1058,1062
1058,1063
1058,1064
1058,1065
1058,1067
1058,1068
1058,1069
1058,1070
1058,1071
1058,1072
1058,1073
1058,1074
1058,1075
1058,1076
1058,1077
1058,1078
1058,1079
1058,1080
1058,1081
1059,1060
1059,1061
1059,1062
1059,1086
1059,1063
1059,1064
1059,1065
1059,1066
1059,1067
1059,1068
1059,1069
1059,1070
1059,1071
1059,1072
1059,1073
1059,1074
1059,1075
1059,1076
1059,1077
1059,1087
1059,1078
1059,1079
1059,1080
1059,1081
1060,1061
1060,1062
1060,1086
1060,1063
1060,1064
1060,1065
1060,1067
1060,1068
1060,1069
1060,1070
1060,1071
1060,1072
1060,1073
1060,1074
1060,1075
1060,1076
1060,1077
1060,1078
1060,1079
1060,1081
1061,1062
1061,1086
1061,1063
1061,1064
1061,1065
1061,1066
1061,1067
1061,1068
1061,1069
1061,1070
1061,1071
1061,1072
1061,1073
1061,1074
1061,1075
1061,1076
1061,1077
1061,1087
1061,1078
1061,1079
1061,1080
1061,1081
1062,1086
1062,1063
1062,1064
1062,1065
1062,1066
1062,1067
1062,1068
1062,1069
1062,1070
1062,1071
1062,1072
1062,1073
1062,1074
1062,1075
1062,1076
1062,1077
1062,1087
1062,1078
1062,1079
1062,1080
1062,1081
1063,1064
1063,1065
1063,1066
1063,1067
1063,1068
1063,1069
1063,1070
1063,1071
1063,1072
1063,1073
1063,1074
1063,1075
1063,1076
1063,1077
1063,1078
1063,1079
1063,1081
1064,1065
1064,1067
1064,1068
1064,1069
1064,1070
1064,1071
1064,1072
1064,1073
1064,1074
1064,1075
1064,1076
1064,1077
1064,1078
1064,1079
1064,1080
1064,1081
1065,1067
1065,1068
1065,1069
1065,1070
1065,1071
1065,1072
1065,1073
1065,1074
1065,1075
1065,1076
1065,1077
1065,1078
1065,1079
1065,1080
1065,1081
1066,1086
1066,1067
1066,1069
1066,1071
1066,1072
1066,1073
1066,1074
1066,1075
1066,1076
1066,1087
1066,1088
1067,1086
1067,1068
1067,1069
1067,1070
1067,1071
1067,1072
1067,1073
1067,1074
1067,1075
1067,1076
1067,1077
1067,1078
1067,1079
1067,1081
1068,1069
1068,1070
1068,1071
1068,1072
1068,1073
1068,1074
1068,1075
1068,1076
1068,1077
1068,1078
1068,1079
1068,1080
1068,1081
1069,1086
1069,1070
1069,1071
1069,1072
1069,1073
1069,1074
1069,1075
1069,1076
1069,1077
1069,1087
1069,1078
1069,1079
1069,1083
1069,1080
1069,1081
1070,1071
1070,1072
1070,1073
1070,1074
1070,1075
1070,1076
1070,1077
1070,1078
1070,1079
1070,1083
1070,1080
1070,1084
1070,1081
1071,1072
1071,1073
1071,1074
1071,1075
1071,1076
1071,1077
1071,1078
1071,1079
1071,1083
1071,1080
1071,1081
1072,1086
1072,1073
1072,1074
1072,1075
1072,1076
1072,1077
1072,1087
1072,1078
1072,1079
1072,1080
1072,1081
1073,1086
1073,1074
1073,1075
1073,1076
1073,1077
1073,1087
1073,1078
1073,1079
1073,1083
1073,1081
1074,1075
1074,1076
1074,1077
1074,1078
1074,1079
1074,1083
1074,1080
1074,1084
1074,1089
1074,1081
1075,1076
1075,1077
1075,1078
1075,1079
1075,1083
1075,1080
1075,1084
1075,1081
1076,1077
1076,1078
1076,1079
1076,1083
1076,1089
1076,1081
1077,1078
1077,1079
1077,1080
1077,1081
1078,1079
1078,1080
1078,1081
1079,1080
1079,1081
1080,1084
1080,1081
1082,1092
1082,1093
1082,1094
1082,1095
1084,1430
1084,1431
1085,1453
1085,1454
1085,1455
1085,1314
1085,1456
1085,1457
1086,1087
1088,1241
1089,1396
1089,1664
1092,1277
1092,1094
1092,1591
1092,1592
1092,1095
1092,1593
1092,1285
1093,1094
1093,1254
1094,1095
1096,1097
1096,1098
1096,1099
1096,1100
1096,1101
1096,1102
1096,1103
1096,1104
1096,1105
1096,1106
1096,1107
1097,1098
1097,1100
1097,1101
1097,1103
1097,1104
1097,1106
1097,1107
1098,1099
1098,1101
1098,1102
1098,1103
1098,1104
1098,1105
1098,1106
1098,1107
1099,1102
1099,1105
1100,1101
1100,1103
1100,1104
1100,1107
1101,1103
1101,1104
1101,1106
1101,1107
1101,1108
1102,1109
1102,1110
1102,1105
1103,1104
1103,1106
1103,1107
1103,1108
1104,1106
1104,1107
1104,1108
1106,1107
1107,1108
1109,1110
1110,1355
1110,1652
1111,1245
1111,1205
1113,1116
1113,1119
1114,1206
1114,1207
1117,1118
1121,1125
1122,1126
1122,1127
1122,1128
1122,1129
1123,1403
1123,1226
1123,1227
1123,1228
1123,1229
1123,1230
1123,1231
1123,1232
1123,1233
1123,1234
1123,1235
1123,1236
1123,1404
1124,1236
1126,1635
1127,1227
1127,1405
1127,1128
1127,1129
1127,1570
1128,1405
1128,1129
1128,1570
1129,1227
1129,1405
1129,1570
1130,1131
1130,1132
1130,1133
1130,1134
1130,1135
1130,1136
1130,1137
1130,1138
1130,1139
1130,1140
1131,1132
1131,1133
1131,1134
1131,1135
1131,1136
1131,1137
1131,1138
1131,1141
1131,1139
1131,1140
1132,1133
1132,1134
1132,1135
1132,1145
1132,1136
1132,1137
1132,1138
1132,1139
1132,1140
1132,1147
1133,1134
1133,1135
1133,1145
1133,1137
1133,1138
1133,1139
1133,1140
1134,1142
1134,1148
1134,1135
1134,1145
1134,1136
1134,1137
1134,1141
1134,1139
1134,1140
1135,1145
1135,1136
1135,1137
1135,1138
1135,1141
1135,1139
1135,1140
1136,1142
1136,1159
1136,1148
1136,1145
1136,1137
1136,1138
1136,1141
1136,1140
1137,1160
1137,1161
1137,1145
1137,1138
1137,1139
1137,1140
1138,1145
1138,1141
1138,1139
1138,1140
1139,1140
1140,1145
1140,1141
1141,1150
1141,1145
1141,1153
1141,1154
1141,1171
1142,1160
1142,1373
1142,1144
1142,1374
1142,1159
1142,1379
1142,1161
1142,1162
1142,1163
1142,1164
1142,1148
1142,1165
1142,1375
1142,1166
1142,1376
1142,1377
1142,1378
1142,1167
1142,1380
1142,1170
1143,1146
1143,1168
1143,1311
1144,1160
1144,1373
1144,1374
1144,1159
1144,1379
1144,1161
1144,1162
1144,1163
1144,1164
1144,1148
1144,1165
1144,1375
1144,1166
1144,1376
1144,1377
1144,1378
1144,1167
1144,1380
1144,1170
1145,1150
1145,1151
1145,1152
1145,1154
1146,1312
1146,1168
1146,1311
1148,1160
1148,1373
1148,1374
1148,1159
1148,1161
1148,1163
1148,1379
1148,1162
1148,1164
1148,1381
1148,1165
1148,1375
1148,1166
1148,1376
1148,1377
1148,1378
1148,1167
1148,1380
1148,1170
1149,1151
1149,1154
1149,1158
1150,1151
1150,1152
1150,1154
1150,1171
1151,1152
1151,1154
1153,1154
1153,1157
1153,1155
1153,1156
1154,1157
1154,1171
1154,1158
1155,1493
1156,1157
1156,1301
1157,1221
1159,1160
1159,1373
1159,1374
1159,1379
1159,1161
1159,1162
1159,1163
1159,1164
1159,1381
1159,1165
1159,1375
1159,1166
1159,1376
1159,1377
1159,1378
1159,1167
1159,1380
1159,1170
1160,1373
1160,1374
1160,1161
1160,1163
1160,1165
1160,1375
1160,1376
1160,1377
1160,1378
1161,1373
1161,1374
1161,1379
1161,1162
1161,1163
1161,1165
1161,1375
1161,1376
1161,1377
1161,1378
1161,1380
1161,1170
1162,1373
1162,1374
1162,1163
1162,1375
1162,1377
1162,1378
1162,1379
1162,1164
1162,1166
1162,1167
1162,1380
1163,1373
1163,1374
1163,1379
1163,1382
1163,1164
1163,1381
1163,1165
1163,1375
1163,1166
1163,1376
1163,1377
1163,1378
1163,1167
1163,1380
1163,1170
1164,1373
1164,1374
1164,1165
1164,1375
1164,1376
1164,1377
1164,1378
1164,1379
1164,1381
1164,1166
1164,1167
1164,1380
1164,1170
1165,1373
1165,1374
1165,1379
1165,1375
1165,1166
1165,1378
1165,1167
1165,1380
1166,1373
1166,1374
1166,1375
1166,1376
1166,1377
1166,1378
1166,1379
1166,1381
1166,1167
1166,1380
1166,1170
1167,1373
1167,1374
1167,1375
1167,1376
1167,1377
1167,1378
1167,1379
1167,1381
1167,1380
1167,1170
1168,1311
1169,1208
1169,1211
1169,1212
1170,1374
1170,1378
1170,1379
1170,1380
1172,1173
1172,1175
1173,1175
1173,1178
1174,1179
1174,1180
1176,1308
1177,1328
1177,1439
1177,1440
1185,1686
1185,1687
1186,1250
1186,1636
1188,1189
1188,1190
1188,1191
1190,1197
1192,1655
1193,1648
1195,1196
1197,1388
1197,1389
1197,1390
1198,1199
1198,1200
1198,1201
1198,1202
1198,1203
1198,1204
1199,1200
1199,1201
1199,1202
1199,1203
1199,1204
1200,1201
1200,1202
1200,1203
1200,1204
1201,1202
1201,1203
1201,1204
1202,1203
1202,1204
1203,1204
1203,1205
1205,1719
1205,1720
1206,1631
1206,1667
1206,1207
1206,1668
1207,1631
1207,1667
1207,1668
1208,1209
1209,1210
1211,1310
1211,1359
1211,1212
1211,1322
1211,1571
1212,1266
1212,1267
1212,1268
1212,1322
1213,1216
1213,1217
1213,1218
1213,1219
1213,1248
1213,1249
1214,1215
1216,1222
1216,1217
1216,1218
1216,1219
1216,1248
1216,1249
1217,1218
1217,1219
1217,1248
1217,1249
1218,1219
1218,1248
1218,1249
1219,1248
1219,1249
1220,1225
1221,1222
1223,1557
1223,1558
1223,1559
1224,1560
1224,1561
1224,1562
1224,1563
1224,1564
1224,1565
1225,1629
1225,1659
1226,1403
1226,1227
1226,1228
1226,1229
1226,1230
1226,1232
1226,1233
1226,1234
1226,1235
1226,1236
1226,1404
1227,1403
1227,1228
1227,1229
1227,1230
1227,1231
1227,1405
1227,1232
1227,1234
1227,1235
1227,1236
1228,1403
1228,1229
1228,1230
1228,1232
1228,1234
1228,1235
1228,1236
1229,1403
1229,1230
1229,1232
1229,1233
1229,1234
1229,1235
1229,1236
1230,1403
1230,1231
1230,1232
1230,1233
1230,1234
1230,1235
1230,1236
1230,1404
1231,1233
1231,1404
1232,1403
1232,1233
1232,1234
1232,1235
1232,1236
1232,1404
1233,1403
1233,1234
1233,1235
1233,1236
1234,1403
1234,1235
1234,1236
1235,1403
1235,1236
1236,1403
1238,1240
1238,1239
1242,1243
1242,1506
1242,1507
1242,1292
1243,1479
1243,1480
1244,1515
1244,1516
1244,1517
1244,1518
1244,1519
1244,1520
1244,1521
1244,1522
1245,1266
1245,1268
1245,1349
1245,1617
1246,1697
1246,1698
1248,1249
1250,1636
1251,1252
1251,1308
1251,1266
1251,1267
1251,1268
1251,1309
1251,1253
1251,1269
1251,1310
1251,1270
1252,1273
1252,1275
1252,1276
1252,1253
1254,1255
1256,1257
1256,1433
1256,1434
1256,1435
1257,1433
1257,1434
1257,1435
1261,1692
1262,1263
1264,1447
1264,1265
1264,1647
1266,1267
1266,1268
1266,1269
1266,1270
1266,1317
1267,1268
1267,1269
1267,1270
1268,1318
1268,1269
1268,1319
1269,1270
1269,1320
1269,1321
1270,1326
1270,1320
1270,1321
1271,1656
1273,1274
1273,1275
1273,1276
1273,1277
1273,1278
1273,1279
1273,1280
1274,1278
1275,1276
1276,1281
1277,1282
1277,1283
1277,1284
1277,1279
1277,1285
1278,1286
1278,1287
1282,1625
1282,1284
1282,1626
1282,1627
1284,1362
1284,1625
1284,1627
1286,1287
1288,1428
1288,1291
1292,1506
1292,1507
1295,1313
1296,1314
1299,1300
1299,1689
1302,1303
1302,1304
1302,1305
1302,1306
1302,1307
1303,1304
1303,1305
1303,1306
1303,1307
1304,1305
1304,1306
1304,1307
1305,1306
1305,1307
1306,1307
1308,1315
1308,1309
1308,1316
1310,1322
1310,1323
1310,1324
1310,1325
1318,1359
1318,1572
1318,1319
1319,1359
1320,1578
1320,1321
1322,1323
1326,1436
1326,1437
1326,1438
1327,1328
1327,1329
1327,1330
1327,1331
1328,1329
1328,1330
1328,1331
1329,1330
1329,1331
1330,1441
1330,1331
1331,1442
1334,1415
1334,1420
1334,1421
1336,1629
1337,1338
1339,1340
1339,1341
1339,1342
1339,1343
1339,1344
1339,1345
1339,1346
1339,1347
1340,1348
1340,1342
1340,1343
1340,1346
1340,1347
1341,1348
1341,1349
1341,1350
1342,1343
1342,1344
1342,1346
1342,1347
1343,1344
1343,1345
1343,1346
1343,1347
1344,1346
1344,1347
1345,1354
1345,1348
1345,1355
1345,1346
1346,1348
1346,1347
1347,1348
1349,1617
1351,1621
1351,1622
1351,1623
1351,1513
1352,1353
1353,1685
1354,1384
1354,1355
1354,1385
1354,1386
1354,1387
1356,1358
1356,1357
1360,1543
1360,1544
1361,1393
1365,1366
1365,1367
1365,1368
1365,1369
1365,1370
1366,1367
1366,1368
1366,1369
1367,1368
1367,1369
1367,1370
1368,1369
1368,1370
1368,1371
1369,1370
1370,1372
1373,1374
1373,1379
1373,1375
1373,1376
1373,1377
1373,1378
1373,1380
1374,1379
1374,1375
1374,1376
1374,1377
1374,1378
1374,1380
1375,1379
1375,1377
1375,1378
1375,1380
1376,1377
1376,1380
1377,1379
1377,1378
1377,1380
1378,1379
1378,1380
1379,1380
1384,1386
1388,1389
1391,1394
1393,1396
1393,1397
1395,1413
1396,1403
1396,1407
1397,1710
1399,1577
1399,1578
1399,1579
1399,1580
1400,1402
1405,1570
1408,1674
1408,1675
1408,1676
1408,1677
1408,1678
1408,1679
1410,1411
1410,1414
1413,1715
1415,1420
1415,1421
1415,1422
1415,1417
1415,1423
1416,1424
1416,1425
1416,1426
1417,1423
1418,1419
1420,1624
1420,1421
1424,1425
1424,1426
1425,1426
1425,1691
1427,1726
1430,1431
1433,1434
1433,1435
1434,1435
1437,1438
1442,1520
1442,1554
1442,1555
1443,1444
1443,1445
1443,1446
1443,1447
1443,1448
1443,1450
1444,1445
1444,1446
1444,1447
1444,1448
1444,1450
1444,1451
1445,1446
1445,1447
1445,1448
1446,1447
1446,1448
1447,1448
1447,1450
1447,1451
1448,1450
1448,1451
1450,1451
1458,1459
1458,1460
1458,1461
1458,1462
1458,1463
1458,1464
1458,1465
1458,1466
1459,1468
1461,1469
1466,1470
1468,1567
1468,1568
1471,1498
1471,1486
1471,1474
1471,1551
1471,1500
1471,1501
1474,1498
1474,1551
1474,1500
1474,1501
1482,1699
1484,1718
1485,1486
1485,1487
1485,1488
1485,1489
1486,1487
1486,1488
1486,1552
1486,1489
1487,1488
1487,1489
1488,1489
1496,1693
1498,1500
1498,1501
1499,1502
1500,1501
1501,1553
1503,1504
1503,1505
1504,1505
1506,1507
1508,1509
1508,1510
1509,1510
1511,1681
1511,1682
1511,1583
1512,1513
1514,1630
1515,1523
1515,1517
1515,1524
1515,1525
1515,1519
1515,1520
1516,1523
1516,1518
1516,1519
1516,1520
1516,1521
1517,1523
1517,1524
1517,1525
1517,1520
1518,1526
1518,1527
1518,1528
1519,1520
1519,1529
1520,1521
1522,1530
1524,1525
1526,1527
1526,1528
1527,1528
1530,1594
1530,1595
1530,1596
1530,1597
1530,1598
1530,1599
1530,1600
1530,1601
1530,1602
1530,1603
1531,1532
1531,1533
1531,1534
1531,1649
1531,1535
1531,1536
1531,1537
1532,1534
1532,1537
1533,1534
1533,1649
1533,1535
1533,1536
1533,1537
1534,1649
1534,1535
1534,1536
1534,1537
1535,1649
1535,1536
1535,1537
1536,1649
1536,1537
1537,1649
1538,1539
1543,1721
1545,1548
1548,1725
1554,1555
1557,1559
1558,1559
1560,1561
1560,1562
1560,1563
1560,1564
1560,1565
1561,1562
1561,1563
1561,1564
1561,1565
1562,1563
1562,1564
1562,1565
1563,1564
1563,1565
1564,1565
1575,1727
1578,1579
1578,1580
1579,1580
1583,1683
1583,1684
1584,1585
1584,1586
1584,1587
1584,1588
1584,1589
1584,1590
1585,1586
1585,1587
1585,1588
1585,1589
1585,1632
1585,1590
1586,1587
1586,1588
1586,1589
1586,1590
1587,1588
1587,1589
1587,1590
1588,1589
1588,1590
1589,1632
1589,1590
1590,1632
1591,1592
1594,1595
1594,1596
1594,1597
1594,1598
1594,1599
1594,1600
1594,1601
1594,1602
1594,1603
1595,1596
1595,1597
1595,1598
1595,1599
1595,1600
1595,1601
1595,1602
1595,1603
1596,1597
1596,1598
1596,1599
1596,1600
1596,1601
1596,1602
1596,1603
1597,1598
1597,1599
1597,1600
1597,1601
1597,1602
1597,1603
1598,1599
1598,1600
1598,1601
1598,1602
1598,1603
1599,1600
1599,1601
1599,1602
1599,1603
1600,1601
1600,1602
1600,1603
1601,1602
1601,1603
1602,1603
1604,1607
1604,1608
1604,1609
1604,1610
1604,1611
1604,1612
1605,1613
1607,1610
1607,1611
1608,1619
1610,1611
1614,1618
1621,1622
1621,1623
1622,1623
1639,1640
1639,1641
1639,1642
1639,1643
1639,1644
1639,1645
1639,1646
1640,1641
1640,1642
1640,1643
1640,1644
1640,1645
1640,1646
1641,1642
1641,1643
1641,1644
1641,1645
1641,1646
1642,1643
1642,1644
1642,1645
1642,1646
1643,1644
1643,1645
1643,1646
1644,1645
1644,1646
1645,1646
1653,1663
1657,1658
1657,1701
1657,1702
1661,1688
1661,1662
1674,1675
1675,1676
1675,1679
1676,1680
1676,1677
1676,1678
1676,1679
1677,1678
1681,1682
1703,1705
1703,1706
1703,1707
1705,1706
1708,1709
1710,1711
1710,1712
1710,1713
1710,1714
1711,1712
1711,1713
1711,1714
1712,1713
1712,1714
1713,1714
1716,1717
1719,1723
1722,1723
1723,1724
