#nodeNum:2559	edgNum:7031	ave.degree:5.5	diameter:11
1,2
1,3
1,4
1,5
1,6
1,7
1,8
1,9
1,10
1,11
1,12
1,13
1,14
2,3
2,5
2,6
2,15
3,16
3,17
3,18
3,5
3,6
3,15
4,19
4,20
4,21
4,22
4,23
4,24
4,25
4,26
4,27
4,28
4,29
4,30
4,31
4,32
4,33
4,34
4,35
4,36
4,37
4,38
4,39
4,18
4,40
4,41
4,42
4,43
4,44
4,45
4,11
4,46
4,47
4,48
4,49
4,50
4,51
4,52
4,53
4,54
4,55
4,56
4,57
4,58
4,59
4,60
4,61
4,62
4,63
4,64
4,65
4,66
4,67
4,68
4,69
4,70
4,71
4,72
4,73
4,74
4,75
4,76
4,77
4,78
4,79
4,80
4,81
4,82
4,83
4,84
4,85
4,86
4,87
4,88
4,89
4,90
4,91
4,92
4,93
4,94
4,95
4,96
4,97
4,98
4,99
4,100
4,101
4,102
4,103
4,104
4,105
4,106
4,107
4,108
4,109
4,110
4,111
4,112
4,113
4,114
4,115
4,116
4,117
4,118
4,119
4,120
4,121
4,122
4,123
4,124
4,125
4,126
4,127
4,128
4,129
4,130
4,131
4,132
4,133
4,134
4,135
4,136
4,137
4,138
4,139
4,140
4,141
4,142
4,143
4,144
4,145
4,146
4,147
4,148
4,149
4,150
4,151
4,152
4,153
4,154
4,155
4,156
5,6
7,1684
7,1192
7,767
7,1790
8,1038
8,366
8,997
8,1499
8,1430
8,1424
9,397
9,10
9,1055
9,1058
9,1059
9,498
9,608
9,52
9,13
9,618
9,1060
9,1061
9,433
9,1062
9,1065
9,1066
9,1643
9,1635
9,1797
9,1798
9,1799
9,605
9,1723
9,382
9,1800
9,1642
9,1741
9,1646
10,397
10,1208
10,279
10,392
10,1055
10,1635
10,1636
10,1637
10,1638
10,1204
10,450
10,1639
10,1058
10,1059
10,605
10,498
10,608
10,52
10,13
10,618
10,382
10,1060
10,1640
10,1061
10,433
10,1641
10,1062
10,1642
10,1065
10,1066
10,1643
10,1644
10,1645
10,1646
10,1376
10,1377
10,367
10,270
10,1379
10,434
10,1647
10,1648
11,235
11,458
11,1106
11,1054
11,1679
11,1680
11,1123
11,1681
11,2037
11,2038
12,458
12,1293
12,1510
12,1980
13,397
13,656
13,1055
13,1058
13,498
13,608
13,52
13,605
13,1635
13,1368
13,587
13,487
13,1723
13,1738
13,1060
13,1739
13,1062
13,354
13,787
13,1740
13,1066
13,1643
13,1741
13,1646
13,618
13,1061
13,433
14,458
14,366
14,1234
14,34
14,2003
14,44
14,606
14,65
14,1611
14,87
14,2004
14,2005
14,104
14,1274
16,274
16,1029
16,363
16,1310
16,616
16,446
16,761
16,207
16,1311
16,781
16,525
16,417
16,283
16,1312
16,1132
16,1313
16,1314
16,787
16,1315
17,298
17,762
17,555
17,1340
17,786
17,1343
17,1344
17,1138
18,19
18,158
18,159
18,249
18,173
18,190
18,24
18,191
18,30
18,33
18,194
18,37
18,196
18,197
18,77
18,250
18,42
18,251
18,206
18,209
18,252
18,210
18,55
18,61
18,253
18,212
18,243
18,70
18,74
18,254
18,214
18,255
18,85
18,107
18,256
18,244
18,221
18,112
18,257
18,114
18,116
18,258
18,183
18,121
18,259
18,123
18,225
18,140
18,260
18,230
18,261
18,234
18,262
19,157
19,158
19,159
19,160
19,161
19,162
19,61
19,163
19,164
19,165
19,166
19,167
19,116
19,168
19,169
20,29
20,174
20,235
20,458
20,459
20,460
20,461
20,462
20,112
20,463
20,464
20,465
20,356
20,147
20,298
20,456
20,466
20,122
21,166
21,235
21,80
22,166
22,276
22,1102
22,1103
22,1104
22,1040
22,1105
22,280
22,1106
22,1107
22,366
22,1108
22,228
22,1028
22,1109
22,1012
22,365
22,1110
23,1091
23,1204
23,1205
24,161
24,169
24,461
24,112
24,1063
24,1456
24,307
24,1335
24,600
24,1457
24,1458
24,1300
25,465
25,690
25,998
25,151
25,1483
26,861
26,862
26,240
26,863
27,458
27,840
27,1549
27,1317
27,293
27,262
27,1550
28,1578
28,1579
28,117
28,131
28,84
28,234
29,467
29,468
29,469
29,470
29,458
29,318
29,112
29,471
29,30
29,472
29,206
29,473
29,179
29,91
29,474
29,475
29,476
29,477
29,234
29,123
30,159
30,458
30,112
30,298
30,171
30,1456
30,1054
30,264
30,194
30,1670
31,158
31,398
31,449
31,350
31,302
31,995
32,235
32,304
32,449
32,1197
32,489
32,123
32,513
32,69
32,1755
32,1634
32,694
33,166
33,671
33,833
33,669
33,674
33,675
33,1761
33,1762
33,1368
33,1763
33,1764
33,1765
33,1766
33,1193
33,126
33,1169
34,166
34,235
34,460
34,298
34,192
34,1197
34,253
34,484
34,502
34,113
34,137
34,1785
34,234
34,237
34,497
34,506
35,158
35,813
35,318
36,1038
36,1795
36,1042
36,1122
36,1043
36,1796
37,165
37,166
37,103
37,281
37,1099
37,1197
37,511
37,1213
37,1214
37,1215
37,1216
37,740
37,357
37,123
37,1217
37,1218
38,1585
39,547
39,573
39,1127
39,1223
40,654
40,660
40,661
40,95
40,662
40,663
40,138
40,666
40,154
41,158
41,1325
41,264
42,166
42,115
42,836
42,1977
42,1978
42,1979
42,1980
42,1157
42,1201
42,1715
42,139
43,235
43,458
43,465
43,298
43,1038
43,1005
43,483
43,489
43,336
43,502
43,1823
43,85
43,1846
43,1993
43,2016
43,1957
43,851
43,506
43,932
44,192
44,139
44,2003
44,65
44,1611
44,104
44,1274
44,87
45,461
45,112
45,464
45,465
45,1942
46,80
46,1690
46,1693
46,1694
46,135
47,2044
47,405
47,2045
48,507
48,572
49,166
49,1319
49,137
49,587
49,1866
50,795
50,705
50,187
50,80
50,366
50,1453
50,1499
50,1530
50,891
50,893
50,894
50,888
50,895
50,897
50,898
50,803
50,901
50,902
50,903
50,99
50,904
50,908
50,1547
50,896
50,1536
50,899
50,2086
50,694
50,1540
50,907
50,2087
51,2122
52,458
52,112
52,1417
52,1055
52,1058
52,1059
52,498
52,608
52,605
52,1636
52,1600
52,450
52,618
52,1060
52,1061
52,433
52,1736
52,1062
52,1642
52,1065
52,596
52,1066
52,1643
52,1646
52,1737
52,452
53,458
53,766
53,1335
53,1499
54,366
54,296
54,102
55,465
55,1338
55,694
56,171
56,1282
56,1283
56,1284
56,222
56,1285
56,1139
56,952
56,250
56,1183
56,1286
56,1033
56,1288
56,1128
56,1289
56,1290
56,1291
56,1287
56,1292
56,1136
56,1293
56,1294
57,166
57,235
57,340
57,137
57,144
57,506
57,104
57,917
57,2168
57,1088
57,2015
57,1962
57,142
57,86
57,731
57,497
58,166
58,1196
58,486
58,1201
60,166
60,356
60,911
60,912
60,318
60,387
60,489
60,916
60,1704
60,921
60,914
60,922
60,507
60,401
60,919
60,1911
60,68
60,96
60,62
60,111
60,915
60,613
60,234
61,157
61,235
61,264
61,265
61,166
61,116
62,166
62,235
62,465
62,554
62,1415
62,610
62,527
62,137
62,701
62,1956
62,1957
62,96
62,111
62,1914
63,181
63,175
63,403
63,286
63,425
63,455
64,158
64,156
64,315
64,458
64,112
64,356
64,175
64,318
64,573
64,123
64,401
64,1912
64,688
64,225
65,2003
65,606
65,1611
65,87
65,1274
65,494
65,1075
66,2227
67,103
67,616
67,2250
67,2251
68,158
68,340
68,489
68,77
68,278
68,501
68,1550
68,504
68,234
69,227
69,235
69,792
69,103
69,187
69,766
69,702
69,1634
69,197
69,503
69,1755
69,371
70,161
70,166
70,235
70,366
70,139
70,485
71,235
71,465
71,123
71,914
71,1875
71,1866
71,694
71,290
72,235
72,465
72,649
72,496
72,610
72,1750
72,144
72,278
72,1381
72,2276
72,2277
72,653
72,1831
72,125
73,158
73,166
73,314
73,704
73,706
73,320
73,327
73,204
73,1515
73,209
73,291
73,231
73,331
74,158
74,159
74,465
74,171
74,366
74,239
74,146
74,190
74,610
74,693
74,118
74,744
74,1219
74,155
75,465
75,673
76,458
76,1499
77,158
77,430
77,1502
77,1508
77,610
77,259
77,431
77,435
77,130
77,394
78,158
78,1710
78,1711
79,158
79,165
79,166
79,167
79,169
79,235
79,705
79,1197
79,740
79,454
79,842
79,1216
79,2296
79,2297
79,2298
79,1533
79,1050
80,159
80,112
80,254
80,173
80,888
80,889
80,819
80,484
80,405
80,821
80,822
80,890
80,891
80,892
80,893
80,894
80,895
80,896
80,897
80,898
80,899
80,803
80,900
80,901
80,902
80,903
80,99
80,904
80,905
80,906
80,907
80,908
80,784
80,909
80,910
80,232
80,499
80,383
81,1501
81,491
82,235
82,366
82,253
82,123
82,212
82,2256
82,1356
82,234
83,103
83,939
83,831
83,483
84,2317
84,119
85,158
85,166
85,235
85,458
85,459
85,112
85,465
85,496
85,304
85,630
85,262
85,610
85,1217
85,1956
85,1846
85,1958
85,805
85,1070
85,694
85,234
86,465
86,298
86,496
86,610
86,1934
86,1935
86,365
86,694
86,142
86,731
86,2172
86,1737
86,2319
86,1621
86,2320
86,2321
86,271
87,166
87,465
87,484
87,2003
87,606
87,1611
87,1659
87,1274
88,1037
88,1736
88,2334
89,103
89,702
89,337
89,333
89,846
89,2335
89,2336
90,743
90,610
90,2007
90,385
91,634
91,1457
91,1578
91,1579
91,117
91,1480
91,849
91,2350
91,2351
92,704
92,706
92,728
92,2179
92,723
93,166
93,1563
93,1058
93,153
94,350
94,2311
95,235
95,458
95,654
95,660
95,661
95,662
95,663
95,586
95,275
95,735
95,532
95,736
95,335
95,554
95,739
95,737
95,684
95,405
95,1216
95,685
95,686
95,154
95,138
95,666
96,465
96,1956
96,111
97,235
97,2097
97,2131
98,174
98,706
98,1873
98,1219
99,1530
99,893
99,894
99,888
99,903
99,899
99,1541
100,166
100,795
100,868
100,846
100,1977
100,2385
101,235
101,465
101,610
101,123
101,144
101,129
101,1619
102,1883
102,1884
102,821
102,1885
102,1887
102,1889
102,1890
103,158
103,227
103,181
103,112
103,171
103,175
103,176
103,173
103,361
103,817
103,363
103,818
103,266
103,200
103,201
103,483
103,819
103,820
103,821
103,500
103,822
103,417
103,283
103,531
103,760
103,447
103,823
103,824
103,825
103,814
103,306
103,269
103,826
103,237
103,627
103,499
103,271
104,235
104,112
104,304
104,340
104,306
104,1852
105,458
105,1641
105,1223
105,2392
106,166
106,465
106,144
106,378
106,129
106,495
106,2396
107,158
107,166
107,227
107,829
107,1528
107,842
107,123
107,701
107,2382
107,2397
108,316
108,2264
108,2265
108,2266
108,2378
108,2267
108,2411
108,2412
108,2413
109,166
109,796
109,484
110,583
110,692
111,166
111,235
111,796
111,702
111,489
111,1956
111,1914
111,731
111,802
111,694
112,342
112,458
112,459
112,249
112,467
112,546
112,578
112,470
112,579
112,194
112,516
112,580
112,472
112,466
112,581
112,582
112,214
112,281
112,583
112,216
112,575
112,418
112,584
112,241
112,585
112,532
112,534
112,256
112,474
112,586
112,587
112,436
112,588
112,589
112,318
112,590
112,591
112,592
112,593
112,356
112,594
112,475
112,123
112,126
112,225
112,595
112,596
112,147
112,542
112,234
112,597
112,598
112,177
112,544
112,599
112,600
112,601
112,545
112,306
113,166
113,298
113,484
113,1787
113,1654
113,1788
113,1216
113,1789
114,166
114,235
114,465
114,633
114,304
114,340
114,171
114,188
114,710
114,123
114,144
114,694
114,130
114,219
114,699
114,1550
114,246
115,743
115,172
115,185
115,199
115,363
115,521
115,407
115,753
115,756
115,755
116,159
116,302
116,303
116,304
116,305
116,306
117,1578
117,1579
117,1580
117,1581
117,131
117,132
117,1582
117,1519
117,1583
118,159
118,192
118,171
118,239
118,146
118,190
118,693
118,744
118,155
118,262
119,2317
120,235
120,702
120,501
120,2455
121,1054
121,264
121,610
121,2462
122,465
122,610
122,1203
122,144
122,506
122,2463
122,2464
123,235
123,465
123,496
123,253
123,470
123,610
123,207
123,406
123,500
123,1617
123,1618
123,1619
123,1620
123,129
123,1550
123,144
123,613
123,139
123,234
123,495
123,499
123,452
123,694
123,1621
123,508
123,1622
124,760
124,788
125,1173
125,1310
125,1409
125,2477
125,1485
126,166
126,671
126,833
126,669
126,674
126,675
126,1763
126,1764
126,1766
126,1193
126,1224
126,1676
126,1770
126,1080
127,1264
128,2154
128,2155
128,2156
128,2158
129,465
129,304
129,253
129,144
129,139
129,2174
129,495
130,158
130,178
130,181
130,171
130,175
130,189
130,206
130,214
130,2104
130,729
131,704
131,706
131,1578
131,1579
131,1583
131,132
131,1582
131,1581
131,1584
132,1578
132,1579
132,1580
133,724
134,2501
135,1693
135,1694
135,1697
136,366
136,1054
136,1563
136,846
136,2504
137,235
137,304
137,489
137,502
137,196
137,487
137,1612
137,694
137,234
138,166
138,654
138,660
138,661
138,662
138,663
138,586
138,739
138,1216
138,684
138,685
138,1994
138,1995
138,379
138,405
138,686
138,154
139,166
139,174
139,279
139,566
139,842
139,846
139,1987
139,234
140,166
140,648
140,706
140,1305
140,1323
140,1325
140,1326
140,1327
140,1328
140,1331
140,616
140,385
140,1329
140,1330
140,331
140,1337
142,2172
142,1737
142,2103
142,731
143,718
143,1820
143,1988
144,166
144,235
144,465
144,496
144,253
144,610
144,290
144,699
144,1914
144,495
144,1915
145,465
146,158
146,159
146,166
146,171
146,184
146,173
146,186
146,239
146,241
146,190
146,693
146,258
146,224
146,225
146,1182
146,1183
146,737
146,1184
146,1175
146,384
146,1185
146,744
146,155
146,1186
146,634
147,458
147,463
147,192
147,629
147,630
147,600
147,298
147,631
148,1808
149,582
149,1575
149,2257
150,458
150,704
150,264
150,489
150,2354
150,940
150,2524
151,781
151,1485
151,1486
151,506
152,1210
153,465
153,633
153,610
153,1058
153,1204
153,1639
153,1619
154,654
154,660
154,661
154,662
154,663
154,586
154,684
154,685
154,767
155,171
155,239
155,190
155,693
155,744
155,262
156,170
156,312
156,221
156,315
156,332
156,333
156,334
156,335
158,170
158,171
158,172
158,159
158,173
158,174
158,175
158,176
158,177
158,178
158,179
158,180
158,164
158,181
158,182
158,183
158,184
158,185
158,186
158,187
158,188
158,189
158,190
158,191
158,192
158,193
158,194
158,195
158,196
158,197
158,198
158,199
158,200
158,201
158,202
158,203
158,204
158,205
158,206
158,207
158,208
158,209
158,210
158,211
158,212
158,213
158,214
158,215
158,216
158,217
158,218
158,219
158,220
158,221
158,222
158,223
158,224
158,225
158,226
158,227
158,228
158,229
158,230
158,231
158,232
158,233
158,234
158,235
158,236
158,237
159,171
159,173
159,238
159,239
159,175
159,240
159,241
159,181
159,184
159,223
159,242
159,230
159,190
159,194
159,197
159,200
159,206
159,243
159,214
159,215
159,244
159,245
159,224
159,225
159,246
159,247
159,248
161,194
161,263
161,217
162,217
164,266
164,267
164,268
164,168
164,269
165,263
165,270
165,217
165,234
165,271
166,272
166,273
166,274
166,275
166,276
166,194
166,196
166,277
166,278
166,206
166,279
166,280
166,175
166,253
166,214
166,281
166,282
166,283
166,215
166,217
166,284
166,244
166,285
166,286
166,287
166,288
166,289
166,290
166,291
166,292
166,293
166,294
166,229
166,295
166,186
166,296
166,297
166,298
166,299
166,300
166,234
166,262
166,301
167,217
168,307
168,308
168,309
169,191
169,194
169,263
169,214
169,281
169,244
169,310
170,311
170,312
170,313
170,314
170,315
170,316
170,221
170,317
170,318
171,181
171,249
171,175
171,176
171,184
171,306
171,242
171,173
171,190
171,194
171,197
171,199
171,200
171,210
171,243
171,214
171,217
171,244
171,221
171,183
171,385
171,224
171,185
171,744
171,234
171,745
171,719
171,746
172,199
172,829
172,185
172,201
173,181
173,192
173,175
173,188
173,830
173,831
173,239
173,832
173,240
173,241
173,183
173,223
173,833
173,834
173,835
173,836
173,274
173,198
173,202
173,207
173,837
173,210
173,215
173,244
173,370
173,225
173,445
173,838
173,248
174,478
174,442
174,217
174,479
174,225
174,234
174,175
174,480
174,356
175,178
175,181
175,403
175,392
175,200
175,201
175,406
175,807
175,411
175,808
175,809
175,286
175,810
175,728
175,454
175,242
175,425
175,415
175,187
175,811
175,455
175,753
175,812
175,813
175,224
175,225
175,814
175,421
175,815
175,816
175,450
175,503
175,457
175,426
176,201
176,306
176,200
177,839
177,840
177,841
178,397
178,403
178,404
178,405
178,406
178,302
178,407
178,253
178,408
178,409
178,410
178,411
178,412
178,384
178,181
178,413
178,414
178,242
178,415
178,416
178,187
178,417
178,283
178,240
178,418
178,419
178,420
178,286
178,225
178,421
178,422
178,317
178,423
178,424
178,224
178,425
178,426
179,458
179,704
179,511
179,401
179,553
179,472
179,842
179,843
179,844
179,845
179,846
179,847
179,848
179,849
179,583
179,216
179,850
179,851
179,852
179,634
179,853
179,854
179,855
179,402
179,241
179,585
179,269
180,856
180,225
181,398
181,403
181,200
181,201
181,446
181,447
181,225
181,448
181,449
181,450
181,406
181,451
181,452
181,453
181,454
181,425
181,415
181,187
181,455
181,456
181,224
181,457
183,831
183,857
184,206
184,406
184,234
185,199
185,201
185,858
185,859
185,829
185,446
186,298
186,206
186,366
187,406
187,240
187,328
187,611
187,860
187,225
187,292
187,415
187,350
187,411
187,412
187,403
187,286
188,1002
188,219
189,1203
189,617
190,465
190,693
190,744
191,1054
191,1521
191,1522
191,1523
192,632
192,693
193,311
193,314
193,316
193,205
193,208
193,329
193,324
193,322
194,458
194,356
194,629
194,773
194,868
194,337
194,1054
194,842
194,1671
194,1399
194,1672
194,1673
194,1674
194,1675
194,1676
194,1677
194,874
195,298
195,691
195,587
195,604
195,1804
195,651
196,235
196,489
196,502
196,1612
196,701
196,1855
196,1856
196,500
196,1857
196,503
196,1858
196,1859
196,487
196,1614
197,309
197,630
197,318
197,1054
197,842
197,296
197,1676
197,1899
197,1473
198,458
198,498
199,829
199,407
199,201
200,306
200,223
200,746
202,743
202,1257
202,553
203,447
204,314
204,320
204,327
204,1515
204,209
204,2061
204,291
204,231
204,331
204,219
205,311
205,314
205,316
205,323
205,208
205,329
205,324
205,322
205,326
206,458
206,1204
207,235
207,792
207,705
207,366
207,253
207,1711
207,1799
207,761
207,1938
208,311
208,314
208,316
208,374
208,1708
208,846
208,329
208,373
208,1261
208,324
208,446
208,325
208,322
208,326
208,1529
208,226
209,314
209,320
209,327
209,445
209,1515
209,219
209,291
209,231
210,573
210,842
211,867
211,2013
211,2183
211,2184
211,2005
211,1472
211,2185
211,2186
211,2187
212,458
212,1038
212,1480
212,1122
212,587
212,1170
212,1562
212,971
212,2251
212,697
212,2253
212,2254
212,2255
213,702
214,335
214,1073
214,302
214,1399
214,1750
214,667
214,1751
214,1834
214,1245
214,1753
215,865
215,401
215,307
215,1223
216,649
216,629
216,309
216,281
216,868
216,360
216,486
216,1398
216,1399
216,845
216,1400
216,308
216,1401
216,1402
216,1403
216,500
216,863
216,1404
216,446
216,591
216,707
216,1405
216,457
217,1197
217,702
217,998
217,842
217,1216
217,2013
217,926
217,2297
217,2298
217,1654
217,303
217,1788
217,2342
217,2343
217,2344
217,2345
217,2346
217,383
217,2347
217,1185
217,305
217,2348
217,1924
217,2349
218,2353
219,314
219,1002
219,320
219,327
219,1515
219,2061
219,291
219,231
219,331
220,392
220,1624
220,445
220,243
220,1626
220,1627
220,1634
220,1649
220,1629
220,1630
220,1631
220,1414
220,396
220,1628
221,311
221,312
221,313
221,314
221,315
221,316
221,813
221,317
221,320
221,327
221,1516
222,1282
222,1283
222,1284
222,250
222,1183
222,1297
222,1139
222,952
222,1286
222,1033
222,1288
222,1136
222,1293
223,1177
223,1178
223,1179
224,242
224,239
224,240
224,241
224,745
224,248
224,225
225,249
225,242
225,1006
225,555
225,239
225,240
225,241
225,1511
225,838
225,411
225,1709
225,248
226,311
226,314
226,316
226,322
226,446
226,323
226,325
227,341
227,360
227,361
227,362
227,363
227,364
227,365
227,366
227,367
227,368
227,369
227,244
227,370
227,371
227,372
227,373
227,374
227,375
227,269
227,376
227,377
227,378
227,379
227,380
227,381
227,382
227,383
227,384
227,385
227,386
227,387
227,388
227,389
228,704
228,706
228,276
228,1103
228,1104
228,1040
228,1105
228,280
228,1107
228,1108
228,1112
228,365
228,1117
228,1116
228,1110
228,1120
228,1028
228,1109
228,1012
229,384
229,373
229,846
230,274
230,701
230,1180
230,236
230,1181
231,314
231,327
231,291
231,331
233,750
233,250
233,503
234,235
234,458
234,460
234,461
234,464
234,465
234,356
234,298
234,456
234,633
234,249
234,865
234,366
234,836
234,1197
234,1073
234,997
234,710
234,998
234,842
234,363
234,610
234,489
234,484
234,1785
234,587
234,1581
234,989
234,699
234,2206
234,1550
234,1219
234,2135
234,2080
234,1619
234,479
234,2417
234,745
234,2418
234,2022
234,2419
234,1620
234,1564
235,304
235,481
235,340
235,482
235,278
235,483
235,484
235,485
235,406
235,486
235,487
235,368
235,488
235,489
235,490
235,244
235,385
235,491
235,492
235,493
235,494
235,495
235,496
235,497
235,498
235,499
235,500
235,501
235,502
235,503
235,504
235,505
235,506
235,507
235,508
235,271
236,274
236,1306
237,1037
237,2483
237,1570
237,1231
238,340
238,378
239,1038
239,1170
239,241
239,413
239,1116
239,693
239,258
239,744
239,365
239,355
240,249
240,861
240,555
240,1171
240,863
240,997
240,862
240,261
240,1172
241,458
241,1006
241,1173
241,726
241,1174
241,782
241,529
241,1175
241,1176
242,827
242,828
242,333
243,330
243,392
243,1624
243,445
243,1650
243,1649
243,1626
243,1450
243,1627
243,1628
243,1629
243,1631
243,1414
243,1651
243,396
243,1652
244,304
244,792
244,705
244,335
244,1054
244,1480
244,1785
244,2426
245,2457
246,2169
247,1345
247,1346
247,1347
247,828
247,1348
247,1355
247,1126
247,1354
248,1584
249,438
249,743
249,629
249,309
249,441
249,442
249,444
250,1282
250,1285
250,1139
250,952
250,1293
250,1297
250,1576
250,1286
250,1288
250,1136
250,1183
250,1577
251,472
251,1107
251,337
251,1135
252,831
252,264
253,465
253,298
253,633
253,1305
253,262
253,410
253,411
253,1599
253,359
253,1484
253,1314
253,292
253,577
254,632
254,366
254,255
254,695
256,459
256,356
256,629
256,309
256,1073
256,600
257,336
257,1757
258,346
258,842
258,1798
258,1735
258,466
258,2105
258,2453
258,2153
258,2454
259,1502
259,1927
259,1928
261,704
261,706
262,298
262,705
262,366
262,766
262,998
262,840
262,1549
262,293
262,1551
262,1560
262,264
262,1561
262,1562
262,486
262,1563
262,1026
262,1564
262,1466
263,1197
263,842
263,485
263,2124
263,2175
263,2176
263,2177
263,2178
264,366
264,470
264,1032
264,1609
265,2137
265,1894
265,1664
266,396
266,296
267,555
267,2005
267,1344
268,1415
268,1016
268,1547
268,2013
268,1708
268,2064
268,2065
268,2066
268,2067
268,2068
269,773
269,374
269,1073
269,566
269,573
269,848
269,333
269,373
269,446
269,1975
270,1058
270,608
270,1643
271,705
271,694
271,1779
271,745
271,767
272,392
272,393
272,394
272,395
272,396
273,941
274,556
274,1038
274,1304
274,702
274,1180
274,1305
274,370
274,1306
275,734
275,738
275,735
275,739
275,737
275,337
275,740
275,532
275,634
275,736
276,1111
276,1102
276,1104
276,1040
276,1112
276,1113
276,1107
276,1114
276,1110
276,1108
276,1028
276,1115
276,1109
276,1012
276,280
276,365
276,1116
276,1117
277,1235
277,1301
277,1441
277,1925
277,1926
278,691
278,877
279,459
279,1222
279,1058
279,289
279,1071
280,1102
280,1103
280,1104
280,1040
280,1105
280,1118
280,1107
280,1117
280,1110
280,1108
280,1120
280,1028
280,1109
280,1012
280,365
280,1116
281,467
281,630
281,805
281,1068
281,1069
281,762
281,1070
281,868
281,634
281,1071
282,1302
283,366
283,1251
284,343
284,649
284,306
284,357
284,1848
284,1849
284,1850
284,1185
284,385
284,1851
284,1852
284,452
284,386
285,776
286,706
286,634
286,403
286,425
286,455
286,1569
286,1570
286,1571
286,1288
286,875
286,1572
286,1573
286,540
286,1043
287,573
287,1826
288,1488
288,1490
288,1489
289,459
289,1058
289,1274
289,2102
289,2119
289,2120
289,2121
289,1964
289,1071
290,465
290,298
290,633
290,691
290,366
290,1415
290,610
290,1865
291,314
291,704
291,706
291,866
291,366
291,1335
291,320
291,327
291,1515
291,2061
291,331
291,493
292,634
292,710
292,1453
292,410
292,489
292,336
292,2132
292,1893
292,1484
292,2365
292,602
292,879
293,337
293,1549
293,1558
293,1559
294,465
294,1415
294,1865
295,1341
295,1342
295,1312
295,1511
295,1996
295,1997
295,844
296,573
296,1058
296,878
296,1777
296,1748
296,1778
296,1779
298,632
298,633
298,634
300,773
300,1191
300,2008
300,1758
301,867
301,350
301,1277
301,1278
301,1279
301,1280
301,1281
301,767
302,1349
302,1317
302,1750
302,667
302,1751
302,1752
302,1245
302,1753
302,504
302,1275
303,1457
303,483
304,632
304,470
304,485
304,487
304,700
304,368
304,701
304,702
304,703
304,489
304,704
304,705
304,706
304,492
304,340
304,358
304,707
304,708
304,494
304,709
304,506
306,773
308,630
308,1028
308,1090
308,2023
309,511
309,761
309,762
309,707
310,337
310,842
310,401
311,317
311,319
311,312
311,313
311,320
311,321
311,322
311,316
311,323
311,314
311,324
311,315
311,325
311,326
311,318
312,317
312,314
312,327
312,316
312,313
312,320
312,328
312,315
312,318
313,317
313,316
313,314
313,315
313,318
314,317
314,323
314,320
314,329
314,324
314,327
314,322
314,326
314,330
314,316
314,315
314,331
315,317
315,336
315,337
315,327
315,316
316,317
316,319
316,323
316,329
316,320
316,338
316,324
316,325
316,339
316,322
316,326
316,340
316,318
316,330
317,813
317,320
317,327
318,430
318,459
318,356
318,566
318,545
318,468
318,470
318,616
318,617
318,623
318,800
318,625
318,592
318,1358
318,1359
318,534
318,620
318,370
318,622
318,376
318,1360
318,1361
318,1060
318,1362
318,327
318,1363
318,1364
318,1365
319,340
319,566
319,321
320,1515
320,327
321,566
322,329
322,324
322,323
322,365
322,325
322,326
322,1709
323,329
323,324
324,329
324,325
324,326
326,867
326,330
326,329
328,1054
328,412
328,2366
328,2367
328,2368
330,743
330,747
330,521
330,751
330,752
330,753
330,754
330,756
330,820
330,1450
330,1451
330,758
331,1328
331,1329
331,1515
331,385
332,1227
333,363
333,1031
333,1587
334,705
334,1410
334,1570
335,864
335,350
335,878
335,879
335,880
335,881
336,433
336,1443
336,1757
337,939
337,634
337,1373
337,878
337,400
337,534
337,1478
337,707
337,1479
337,570
337,498
337,1480
337,457
337,1481
337,1482
338,1872
338,1952
338,1954
339,851
339,2492
340,632
340,485
340,613
340,710
340,492
340,708
340,711
340,488
340,706
340,712
340,494
340,506
341,342
341,343
341,344
341,345
341,346
341,347
341,348
341,349
341,350
341,351
342,352
342,344
342,353
342,354
342,346
342,347
342,355
342,356
343,344
343,357
343,347
344,346
344,358
344,351
345,359
348,390
348,391
350,459
350,449
350,1232
350,1233
350,1234
350,1073
350,1235
350,1236
350,634
350,566
350,545
350,766
350,1237
350,621
350,803
350,426
352,534
353,446
356,459
356,468
356,470
356,616
356,617
356,618
356,525
356,619
356,620
356,621
356,370
356,592
356,566
356,622
356,623
356,624
356,368
356,625
356,626
356,627
356,628
358,459
358,829
358,511
358,702
358,1798
358,1778
358,808
358,523
358,2230
358,2119
358,2231
358,2232
359,829
359,805
359,1989
359,1466
360,573
360,1063
360,1362
360,384
360,1360
361,634
361,1453
361,363
362,556
362,940
362,1466
363,458
363,773
363,374
363,634
363,702
363,573
363,848
363,1480
363,1373
364,1232
364,1953
364,1877
365,1006
365,1102
365,1103
365,1040
365,1105
365,1107
365,1108
365,1109
365,1012
365,1112
365,1114
365,1110
365,1116
365,1798
365,413
365,1950
365,1120
365,1117
365,2073
366,1124
366,1125
366,1126
366,405
366,1127
366,1128
366,524
366,687
366,1129
366,1130
366,784
366,1131
366,1132
366,1133
366,1134
366,1135
366,370
366,1136
366,1137
366,1138
366,1012
366,626
367,1160
367,1376
367,1377
367,1870
367,1944
368,1988
368,2331
369,846
369,2362
370,649
370,630
370,702
370,573
370,489
370,1494
370,863
370,592
371,1798
371,2116
371,940
371,2460
371,2461
371,880
372,1377
372,1961
372,620
372,1962
373,374
373,1244
373,1031
373,553
373,1032
373,1035
373,1190
374,509
374,1029
374,1030
374,1031
374,553
374,1032
374,1033
374,1034
374,417
374,786
374,1035
374,634
374,626
375,1036
375,1044
376,773
376,573
377,403
377,1564
377,495
378,1919
378,1920
378,1242
378,1921
379,2142
380,1236
380,2019
380,1406
380,2400
380,767
381,2134
381,2544
382,1058
382,1059
382,498
382,618
382,1060
382,433
382,1062
382,1065
382,1643
382,605
383,767
384,786
384,1053
385,706
385,634
385,1328
385,1329
385,554
386,1216
387,991
387,747
387,1419
387,994
387,997
387,710
387,757
387,999
387,1000
387,1437
387,1423
387,996
387,1430
387,1431
387,729
387,1424
387,1001
387,1351
387,758
387,1425
387,1432
387,1452
387,1433
388,2271
388,2143
388,2273
388,2274
389,630
389,1050
389,1051
389,1052
389,457
390,634
390,687
392,769
392,478
392,1339
392,1624
392,1625
392,445
392,527
392,1626
392,1627
392,1628
392,1629
392,1630
392,1631
392,1414
392,1632
392,1633
392,396
393,1034
393,1801
393,1802
393,1803
394,1213
394,1509
394,941
395,458
395,1038
395,1827
395,2516
396,1624
396,1625
396,445
396,1626
396,1627
396,1628
396,1629
396,1630
396,1631
396,1414
396,1634
396,1649
396,1651
396,577
396,807
396,1663
396,1664
396,1450
396,1665
396,1666
396,879
396,1667
396,1652
396,1668
396,1669
397,398
397,399
397,400
398,401
398,402
399,2306
399,2080
400,630
401,938
401,1160
401,1798
401,843
401,1903
401,1904
401,1905
401,1906
401,1320
401,1907
401,1908
401,1909
401,1910
402,603
402,561
402,1300
403,1565
403,425
403,1566
403,455
403,1567
403,1568
405,654
405,660
405,661
405,573
405,1211
405,1875
405,2105
405,2106
405,2107
405,2108
405,2109
405,2110
405,2111
405,2112
405,2113
406,610
406,489
406,1581
406,411
406,415
407,743
407,747
407,521
407,411
407,753
407,754
407,756
407,758
408,780
408,2135
409,530
409,1617
411,860
411,415
411,412
412,416
413,1053
415,860
417,458
417,773
417,566
417,1499
417,1547
417,1641
417,853
417,485
418,459
418,2379
419,840
419,1774
421,1749
421,1836
422,956
422,957
422,958
422,574
422,959
422,960
422,961
422,962
422,576
422,774
422,963
422,964
422,985
422,965
423,1053
425,455
426,566
426,2215
427,428
427,429
427,430
427,431
427,432
428,433
428,432
428,434
429,431
429,435
430,436
431,1223
431,435
431,2225
432,876
433,472
433,1055
433,1058
433,1059
433,498
433,608
433,618
433,1060
433,1061
433,605
433,1062
433,917
433,1642
433,1735
433,1065
433,1066
433,1643
433,1646
433,1748
434,793
434,1058
434,608
434,1643
434,605
434,1535
436,1106
437,438
437,439
438,440
438,441
438,442
438,443
438,444
438,445
439,2559
440,2049
440,1534
441,555
442,444
442,763
443,1899
443,2219
445,704
445,1624
445,1634
445,1649
445,1626
445,1627
445,1628
445,1629
445,1630
445,1631
445,1414
446,958
446,1038
446,634
446,621
446,1765
446,874
446,1031
446,553
446,466
446,820
446,786
446,1373
446,1922
446,1035
446,1027
446,707
446,1564
446,477
446,626
446,1266
446,1050
446,1923
446,1709
446,457
446,1924
448,2507
449,764
449,765
449,766
449,767
450,1633
450,1058
450,1662
450,1838
450,1839
451,2199
452,542
452,2547
452,2548
454,831
454,511
454,1487
454,1520
456,459
456,470
456,573
456,635
456,636
456,637
456,507
457,640
457,629
457,793
457,1006
457,630
457,634
457,687
457,1480
457,1641
457,1127
457,1950
457,719
457,775
457,1153
457,2381
457,2393
457,668
457,2407
457,2408
457,1148
457,2511
457,2519
457,2076
457,1405
457,2552
457,2553
457,2554
457,2555
457,2556
458,509
458,467
458,510
458,511
458,468
458,470
458,512
458,513
458,514
458,515
458,516
458,517
458,518
458,472
458,466
458,519
458,520
458,521
458,459
458,522
458,523
458,524
458,525
458,473
458,526
458,527
458,528
458,529
458,530
458,531
458,532
458,533
458,534
458,474
458,535
458,536
458,475
458,537
458,538
458,476
458,539
458,540
458,541
458,471
458,542
458,543
458,544
458,545
459,546
459,547
459,548
459,511
459,549
459,550
459,470
459,551
459,552
459,553
459,472
459,554
459,555
459,556
459,507
459,557
459,523
459,558
459,559
459,534
459,560
459,561
459,562
459,563
459,475
459,564
459,565
459,566
459,491
459,476
459,567
459,568
459,569
459,570
459,571
459,572
460,573
460,532
461,516
461,574
461,575
461,576
461,577
464,470
464,575
464,602
465,603
465,604
465,605
465,606
465,607
465,608
465,500
465,609
465,610
465,611
465,612
465,613
465,614
465,615
466,1814
466,1941
466,2085
467,1045
467,630
467,472
467,762
467,1046
469,1457
469,1463
469,483
469,1603
469,1604
469,1257
470,629
470,555
470,1233
470,610
470,489
470,1608
470,557
471,517
472,629
472,1053
472,1054
472,555
472,578
472,1055
472,1056
472,1020
472,1057
472,1058
472,1059
472,605
472,485
472,608
472,1060
472,1061
472,600
472,1062
472,1063
472,475
472,1064
472,1065
472,1066
472,1067
473,1229
474,2415
474,2416
475,630
475,485
475,2062
477,1950
477,2528
480,1432
480,2355
480,1072
480,1195
480,2537
480,881
483,866
483,1603
483,489
483,824
484,710
485,1078
485,1391
485,2031
485,2034
485,2035
486,507
486,1398
486,1900
487,702
487,489
487,502
487,1612
487,1857
488,1150
488,587
488,2080
488,1659
489,687
489,502
489,1611
489,1484
489,534
489,1612
489,701
489,1613
489,1614
489,1314
489,1615
489,1616
489,694
490,492
491,557
491,1051
492,610
493,1006
493,805
493,2521
494,911
494,1079
494,1089
494,669
494,702
494,675
494,710
494,502
494,1795
494,1274
494,918
494,1083
494,1086
494,2080
494,1659
494,708
494,2081
494,712
494,919
495,1866
495,694
496,632
496,694
497,696
497,2149
497,2546
498,659
498,1055
498,1058
498,605
498,618
498,1060
498,1061
498,1646
498,1716
498,1717
498,1718
498,1719
498,1720
498,698
498,1721
498,608
498,623
498,1722
498,1723
498,1724
498,1610
498,1189
498,528
498,1725
498,995
498,1726
498,1727
498,1062
498,1728
498,1729
498,1730
498,1581
498,1731
498,1732
498,1066
498,1643
498,1733
498,1734
499,838
500,704
500,706
500,610
500,978
500,1860
500,1861
500,1862
500,503
500,1863
500,694
500,1864
500,1865
500,1866
501,504
502,1786
502,1614
503,1811
503,1867
503,1868
503,1869
503,1864
504,699
505,699
506,1233
506,766
506,687
506,1680
506,1123
506,1681
506,1217
506,1612
506,1993
506,2016
506,612
506,696
507,1021
507,1025
507,1398
507,1900
507,1901
507,1405
508,1060
508,694
509,1006
509,1007
509,1008
509,1009
509,1010
509,1011
509,1012
509,1013
509,1014
510,574
510,1143
510,1144
510,535
510,1145
511,1209
511,1210
511,1211
511,1212
512,1706
512,1563
512,1707
513,773
513,1754
516,739
516,1216
518,1078
518,674
518,1029
518,1761
518,1765
518,1919
518,2025
518,2026
518,2027
518,1767
518,1768
518,1224
519,2029
519,1391
519,2030
519,2031
520,2144
520,855
520,1478
521,743
521,769
521,747
521,748
521,750
521,1434
521,1111
521,1173
521,749
521,1216
521,751
521,752
521,753
521,754
521,755
521,756
521,757
521,1422
521,758
523,557
524,1499
525,1608
527,769
527,1529
527,1653
527,1369
528,942
528,2135
528,2330
530,865
530,2340
530,2341
531,1457
532,734
532,735
532,737
532,738
532,741
532,736
534,1480
534,2066
535,1143
535,1144
535,1146
536,828
536,1348
537,2037
537,2106
538,2492
539,704
539,634
539,1798
539,927
539,2228
539,2229
540,1707
540,933
540,596
540,2135
541,1216
542,743
542,634
542,1460
545,766
545,790
546,1090
547,556
547,555
547,867
548,1202
549,555
549,554
549,1385
550,555
550,1510
550,1511
550,599
551,869
551,1843
552,573
552,557
552,1891
552,838
552,1739
553,634
553,554
553,557
553,1556
553,2042
554,558
554,561
555,1150
555,1151
555,1048
555,1044
555,1152
555,1153
555,1042
555,1154
555,1155
555,585
555,560
555,561
555,563
555,1156
555,1157
555,565
555,1158
555,1071
555,568
555,557
556,864
556,875
556,876
556,561
556,599
556,877
557,1623
557,558
557,560
557,562
557,565
557,571
562,1888
563,1457
566,1232
566,1233
566,1235
566,1236
566,766
566,1237
566,627
568,2477
568,2512
569,1091
569,1591
569,1095
569,1694
569,1097
569,2517
570,1373
572,2532
572,2139
573,1030
573,1127
573,1389
573,1390
573,617
573,1391
573,808
573,1316
573,1392
573,786
573,1393
573,1394
573,1395
573,1396
573,1397
573,1351
574,956
574,957
574,958
574,966
574,963
574,975
574,965
574,976
574,977
574,978
574,959
574,960
574,979
574,972
574,980
574,961
574,962
574,576
574,964
574,774
574,974
575,629
575,2375
575,2376
575,2377
576,956
576,957
576,958
576,959
576,960
576,961
576,962
576,966
576,963
576,975
576,965
576,774
576,964
577,2012
577,2014
577,2015
578,600
578,1458
578,1056
578,1460
578,1461
578,1459
578,1517
580,1563
581,629
581,1806
581,1807
581,1808
581,1809
581,1810
582,1574
582,1575
583,2162
583,2165
583,2130
583,2315
583,2316
584,2047
584,2057
584,1922
584,2224
584,940
585,1054
585,1480
585,1070
585,805
585,1072
585,2393
585,2394
586,654
586,660
586,661
586,662
586,663
586,684
586,685
586,688
587,727
587,877
588,1106
588,867
588,1159
588,1162
590,710
590,999
590,1443
590,1611
590,1758
590,1759
591,1106
591,727
591,2233
592,1127
595,1460
596,704
596,706
596,2135
596,2136
597,1330
597,2522
599,629
599,780
599,963
599,1911
600,1459
600,1056
600,1407
600,1460
600,1461
600,1462
601,612
602,2147
603,1298
603,1299
604,1804
604,651
604,1805
605,1055
605,1058
605,1059
605,608
605,618
605,1060
605,1061
605,1062
605,1065
605,1066
605,1643
605,1034
605,1637
605,1778
605,1642
605,1735
605,1646
605,1647
606,2003
606,1274
606,1611
607,1127
608,1055
608,1058
608,1059
608,618
608,1060
608,1061
608,1062
608,1735
608,1065
608,1066
608,1643
608,1646
609,987
610,800
610,619
610,1610
610,613
611,1223
612,2491
613,1183
613,1536
613,1827
613,1359
614,2503
615,2442
616,1821
616,1822
616,1823
616,1547
616,625
617,2048
618,1055
618,1058
618,1059
618,1742
618,1743
618,1060
618,1061
618,1062
618,1065
618,1066
618,1643
618,1646
618,1505
620,625
620,1840
621,961
621,1234
621,634
621,966
621,983
621,1472
621,1473
621,1113
622,705
622,866
622,625
623,1501
623,1547
623,1938
623,732
624,753
624,1371
625,822
625,1825
625,1826
625,1827
625,1069
626,943
626,846
626,1950
626,2361
626,2531
627,1232
627,1236
627,634
627,687
627,1950
627,1261
627,707
627,767
628,1407
628,715
629,760
630,706
630,780
630,819
630,1047
630,762
630,1048
630,1049
630,788
630,707
630,1050
630,1051
630,1052
631,2479
632,690
632,633
632,691
632,692
633,696
633,697
633,698
633,699
634,916
634,1248
634,779
634,1249
634,878
634,820
634,1032
634,1250
634,753
634,1251
634,1252
634,1035
634,1253
634,1254
634,1255
634,1170
634,1256
634,1257
634,1258
634,1259
634,1260
634,1261
634,1262
634,1263
634,1064
634,1148
634,687
634,1264
634,1027
634,1265
634,1266
634,1053
634,1033
634,1051
634,1052
634,1267
634,1268
635,636
636,2459
637,1091
637,1092
637,1097
637,1487
637,1940
638,639
638,640
638,641
638,642
639,643
639,640
639,644
639,642
640,644
640,645
640,646
640,641
640,647
641,644
641,643
641,642
641,647
644,866
648,649
649,650
649,651
649,652
649,653
650,716
650,704
650,706
651,1798
651,1804
654,655
654,656
654,657
654,658
654,659
654,660
654,661
654,662
654,663
654,664
654,665
654,666
656,667
656,668
658,669
658,670
658,671
658,672
658,673
658,674
658,675
658,676
658,677
658,678
658,679
658,680
658,681
658,682
659,683
660,684
660,661
660,685
660,686
660,663
660,665
660,666
661,684
661,685
661,663
661,662
662,684
662,685
662,663
663,684
663,685
663,686
663,687
664,689
665,686
666,686
667,1750
667,1832
667,1215
667,1751
667,1557
667,1245
667,1833
667,1753
668,982
668,2401
669,671
669,1078
669,1079
669,1089
669,679
669,1206
669,673
669,674
669,869
669,1085
669,1080
669,680
669,917
669,675
669,681
669,1082
670,671
670,1079
670,677
670,678
670,679
670,680
670,682
670,672
670,673
670,675
670,681
670,676
671,911
671,912
671,717
671,677
671,679
671,680
671,673
671,674
671,675
671,869
671,1080
671,1081
671,1079
671,1078
671,917
671,1082
672,1079
672,869
672,677
672,678
672,679
672,680
672,673
672,675
672,681
672,676
673,1079
673,869
673,677
673,678
673,679
673,680
673,682
673,674
673,675
673,681
673,676
674,912
674,1078
674,1079
674,1089
674,869
674,677
674,679
674,918
674,680
674,1083
674,1366
674,917
674,675
674,681
674,1133
674,676
674,1224
674,789
674,1367
674,1368
674,1126
674,1193
675,911
675,912
675,1078
675,1079
675,869
675,921
675,918
675,680
675,682
675,1369
675,917
675,1370
675,922
675,1080
675,1081
675,681
675,1371
675,1225
676,1079
676,678
676,679
676,681
676,682
677,1794
677,681
678,679
679,704
679,1079
679,1798
679,681
680,1078
680,869
680,921
680,920
680,1083
680,918
680,917
680,2129
681,704
681,706
681,869
681,728
682,1079
683,834
683,2069
683,2071
683,2314
683,2072
684,1631
684,1676
684,685
686,1571
687,1530
687,1252
687,1148
687,1257
687,1050
687,1546
687,1267
689,1563
689,1707
692,2505
693,744
694,1616
696,704
696,1124
696,2304
696,1654
696,1586
696,2305
698,1320
698,2019
699,998
699,955
702,1310
702,1125
702,1316
702,1010
704,716
704,717
704,718
704,719
704,720
704,706
704,721
704,722
704,723
704,724
704,725
705,792
705,795
705,800
705,801
705,796
705,802
705,803
705,804
706,716
706,718
706,726
706,720
706,727
706,728
706,729
706,730
706,721
706,722
706,723
706,731
706,732
706,724
706,733
706,725
707,1054
707,846
707,1553
708,712
710,991
710,747
710,994
710,997
710,993
710,996
710,846
710,1445
710,1446
710,757
710,1422
710,999
710,1000
710,1001
710,758
710,802
710,1425
711,2291
711,1757
713,714
714,715
715,1990
715,2105
715,2283
715,2284
715,2285
717,1078
717,1079
718,743
718,867
718,756
718,1820
720,1684
720,2094
720,2228
721,2208
721,731
721,732
721,802
721,2210
721,2104
721,2211
721,729
721,2214
721,2216
721,2213
722,838
723,728
723,2179
724,2257
727,1218
727,1889
727,2365
728,1627
728,2179
728,730
729,1419
729,758
729,1432
729,1430
729,1427
729,1423
729,1431
729,1433
729,2208
729,731
729,732
729,802
729,2210
729,2104
729,2211
729,2214
729,2216
729,2213
729,2212
730,733
731,1116
731,2208
731,2214
731,2210
731,2212
731,732
731,802
731,2209
731,2104
731,1154
732,2208
732,2214
732,2210
732,2212
732,2104
732,802
732,2211
734,735
734,736
734,737
735,738
735,737
735,736
736,737
736,739
736,742
737,738
740,773
743,747
743,748
743,749
743,750
743,751
743,752
743,753
743,754
743,755
743,756
743,757
743,758
743,759
747,991
747,748
747,1419
747,994
747,1420
747,750
747,751
747,752
747,753
747,754
747,1421
747,997
747,755
747,756
747,757
747,1422
747,999
747,1000
747,758
747,1423
747,996
747,1424
747,1001
747,1425
748,749
748,753
748,754
748,755
748,756
748,757
748,1426
749,753
749,755
749,757
750,753
750,755
751,1435
751,753
751,755
751,757
752,753
752,755
752,757
753,1436
753,1437
753,754
753,755
753,756
753,757
753,1422
753,758
753,1438
754,755
754,757
754,1422
755,1447
755,756
755,757
755,758
755,1438
756,1387
756,759
756,757
756,1422
756,1166
756,758
757,962
757,991
757,1419
757,994
757,997
757,1443
757,996
757,1424
757,1448
757,1432
757,1422
757,999
757,1001
757,1000
757,1433
757,758
758,991
758,1419
758,997
758,999
758,1000
758,996
758,1431
758,1424
758,1001
758,1425
758,1432
760,2386
760,788
762,1068
762,1072
762,1073
762,1070
765,2234
765,2235
765,2236
766,1037
766,1232
766,1233
766,1234
766,1235
766,1236
766,1269
766,1270
766,807
766,1271
766,1272
766,1273
766,1237
766,1274
766,1275
766,1276
766,1268
766,1169
767,895
767,803
767,805
767,1166
767,2533
767,1944
767,2534
767,1266
767,1051
767,1052
767,1242
767,2535
767,1268
768,769
768,770
768,771
768,772
768,773
769,774
769,775
773,776
773,777
773,778
773,779
773,780
773,781
773,782
773,783
773,784
773,785
773,786
773,787
773,788
773,789
773,790
773,791
774,956
774,957
774,958
774,959
774,960
774,961
774,962
774,966
774,963
774,964
774,984
775,1782
775,2102
775,845
775,2103
775,1088
776,780
777,1594
777,1595
777,1596
777,1597
780,923
780,924
780,925
780,926
780,782
780,927
780,928
780,929
780,930
780,931
780,932
780,933
780,934
780,935
780,936
780,937
781,1562
781,1041
781,2237
781,2238
781,2239
782,1894
784,1166
785,1006
785,1038
785,868
785,1884
785,821
785,1886
785,1887
785,1965
785,1966
786,848
786,1480
787,1677
787,1822
787,2066
787,927
787,2151
787,2152
787,1479
787,2153
788,2486
789,869
790,846
790,1418
790,2467
790,2468
791,1159
791,1161
791,1162
791,1164
792,793
792,794
792,795
792,796
793,797
794,798
794,799
795,796
796,800
796,805
796,806
796,804
798,799
800,2206
802,1433
802,1914
802,1001
802,2208
802,2214
802,2210
802,2211
802,2215
802,2209
802,2216
802,2217
802,2104
802,2213
802,2212
803,1233
803,1530
803,894
803,895
803,897
803,904
803,1532
803,907
803,1539
803,1538
803,1231
804,1233
805,1314
805,2309
807,1556
807,1875
807,2105
808,958
808,1127
811,2180
812,2354
812,2355
813,947
813,952
814,2097
814,2354
814,2421
814,2495
814,2496
814,2189
814,877
815,1301
815,1302
816,1286
816,1407
816,1288
816,2036
816,1577
820,1335
820,1139
820,1290
820,1291
820,1292
820,2116
820,2117
820,2118
820,1409
821,1883
821,1884
821,1885
821,1887
821,838
821,1888
822,1210
822,1512
822,2299
822,2300
822,2301
822,2302
822,2303
825,1632
827,1345
827,1346
827,1352
827,1348
827,1349
827,935
827,1353
828,1345
828,1346
828,1347
828,1355
828,1348
828,1349
828,1350
828,1014
829,988
829,989
830,1149
831,1187
831,857
831,1188
831,1189
831,1190
831,1191
831,1192
832,838
833,1193
833,1080
833,1194
836,1195
837,1656
837,2146
838,1892
838,1893
838,1617
838,1313
838,1894
838,1895
838,1896
838,1620
839,927
839,1435
839,2201
839,2202
839,2079
839,2203
840,1187
840,1551
840,1552
842,1348
842,1548
844,1127
845,959
845,914
845,922
846,1105
846,1643
846,1031
846,1972
846,1973
846,879
848,1585
848,1373
848,1584
848,1313
848,1221
851,1978
851,1057
851,1224
853,1553
853,2018
855,1478
855,2145
864,865
864,866
865,867
865,868
865,869
865,870
865,871
865,872
865,873
865,874
866,882
866,883
867,1159
867,1160
867,1161
867,1162
867,1163
867,1164
867,1165
867,1166
867,1167
867,1168
867,1169
868,1220
868,1221
869,1078
869,1079
869,1083
869,1224
869,1082
869,1086
869,1225
870,1226
870,1227
870,1228
870,1229
870,1230
870,1231
871,1971
872,2093
872,2094
876,1959
877,1678
877,1676
877,2003
877,2358
877,2497
877,2498
878,1480
878,2095
879,1811
884,885
884,886
884,887
885,887
886,1216
886,1223
888,1530
888,891
888,894
888,897
888,898
888,903
888,904
888,905
888,1537
889,1269
889,1693
889,1688
889,1690
889,1691
889,1689
889,1694
890,901
890,1537
891,1530
891,1536
891,904
892,901
892,903
892,1537
893,1530
893,904
893,941
894,1530
894,898
894,901
894,1537
894,903
894,904
894,1532
894,907
894,1533
894,895
894,1534
895,1530
895,898
895,1538
895,904
895,907
895,1533
895,897
895,908
896,904
896,1532
897,1530
897,898
897,903
897,904
898,1530
898,901
898,903
898,904
898,908
898,1537
898,1532
898,1533
899,2092
899,1532
899,907
901,1530
901,902
901,903
901,1540
901,1532
901,907
901,1533
902,1530
902,907
903,1530
903,1537
903,905
903,1532
903,907
904,1530
904,1536
904,1542
904,907
904,908
905,1530
905,1537
905,1545
905,907
905,941
907,1530
907,1536
907,1541
907,1533
908,1530
908,1533
910,1502
910,2499
911,912
911,913
911,914
911,915
911,916
911,917
912,918
912,919
912,920
912,921
912,922
912,913
913,915
913,919
914,1319
914,916
914,1704
914,921
914,1254
914,1322
914,922
914,915
914,919
915,1319
915,916
915,1704
915,921
915,922
915,1322
915,919
915,920
915,917
916,1704
916,921
916,922
916,919
917,1078
917,1089
917,922
917,1085
917,920
917,1083
917,918
917,1276
918,1078
918,1079
918,1089
918,1085
918,920
918,1083
918,1087
919,1704
919,921
919,1083
919,1086
919,920
920,1078
920,1079
920,1089
920,1162
920,1704
920,1085
920,1086
920,1083
921,1078
921,1082
922,1704
922,1083
926,2156
926,1027
926,2158
927,2167
933,1007
933,1991
933,1990
938,939
938,940
940,2104
940,1302
940,2381
940,1987
940,2382
940,2383
940,2384
941,1707
941,2040
941,2086
941,2229
942,943
942,944
942,945
944,946
945,1234
945,1238
945,1239
945,1241
945,1967
946,2330
947,948
947,949
947,950
947,951
950,951
951,1691
951,2059
951,2435
952,1282
952,1283
952,1285
952,1139
952,1286
952,1033
952,1128
952,1290
952,1291
952,1424
952,1292
952,1293
952,1294
952,1136
953,954
953,955
956,957
956,958
956,959
956,960
956,961
956,962
956,963
956,964
957,963
957,965
957,958
957,959
957,960
957,961
957,962
957,964
958,966
958,963
958,967
958,968
958,965
958,959
958,969
958,970
958,960
958,971
958,972
958,973
958,961
958,962
958,964
958,974
959,966
959,963
959,975
959,960
959,961
959,962
959,981
959,964
960,963
960,961
960,964
961,966
961,963
961,965
961,962
961,964
961,982
962,966
962,963
962,983
962,964
963,966
963,1469
963,975
963,965
963,1467
963,1470
963,1471
963,964
963,983
964,966
964,965
964,1474
964,1475
964,1476
964,1477
965,966
965,985
966,1467
966,983
966,1468
968,1772
968,1774
974,2326
974,2328
981,1194
982,2123
982,1281
984,1127
986,987
989,1989
990,991
990,992
991,993
991,994
991,995
991,996
991,997
991,998
991,999
991,1000
991,1001
993,997
993,1897
994,999
994,1000
994,1001
994,996
994,1351
996,997
996,999
996,1000
996,1001
997,1419
997,1443
997,1423
997,1428
997,1424
997,999
997,1000
997,1351
997,1444
997,1431
997,1425
997,1432
997,1001
997,1433
998,1484
999,1437
999,1000
999,1001
1000,1422
1000,1437
1000,1001
1001,1425
1001,1437
1003,1004
1003,1005
1005,1182
1005,1372
1006,1015
1006,1016
1006,1017
1006,1018
1006,1019
1006,1020
1006,1021
1006,1007
1006,1022
1006,1023
1006,1024
1006,1025
1006,1026
1006,1008
1006,1009
1006,1027
1006,1010
1006,1028
1006,1012
1007,1990
1009,2448
1010,1754
1010,1016
1010,2494
1012,1102
1012,1103
1012,1104
1012,1040
1012,1105
1012,1107
1012,1108
1012,1028
1012,1109
1012,1112
1012,1116
1012,1110
1012,1120
1012,1114
1015,1026
1016,1018
1018,1815
1019,1223
1021,1025
1025,1398
1025,1191
1027,1950
1027,1261
1027,2154
1027,2155
1027,2156
1028,1102
1028,1103
1028,1104
1028,1040
1028,1105
1028,1107
1028,1108
1028,1112
1028,1116
1028,1110
1028,1120
1028,1140
1028,1141
1028,1142
1028,1109
1028,1117
1029,1411
1030,1499
1030,1500
1030,1501
1030,1502
1031,1950
1031,1529
1032,1950
1032,2127
1033,1285
1033,1139
1033,1950
1033,1136
1034,1646
1035,2422
1036,1037
1036,1038
1038,1039
1038,1040
1038,1041
1038,1042
1038,1043
1040,1102
1040,1103
1040,1104
1040,1105
1040,1112
1040,1116
1040,1107
1040,1117
1040,1114
1040,1110
1040,1108
1040,1120
1040,1121
1040,1122
1040,1109
1041,2240
1041,2241
1042,1154
1042,1122
1042,1043
1042,1796
1043,1795
1043,1122
1046,1074
1046,1075
1046,1076
1046,1077
1050,2051
1050,2409
1050,1405
1051,1950
1051,2249
1051,1539
1051,2409
1051,2550
1052,1819
1053,1480
1053,1816
1053,1817
1053,1818
1053,1819
1053,1452
1054,1524
1054,1133
1055,1058
1055,1059
1055,1060
1055,1061
1055,1062
1055,1065
1055,1066
1055,1643
1055,1712
1055,1646
1056,1459
1058,1636
1058,1637
1058,1600
1058,1368
1058,1059
1058,1060
1058,1061
1058,1062
1058,1642
1058,1713
1058,1065
1058,1066
1058,1643
1058,1646
1058,1714
1058,1715
1059,1060
1059,1061
1059,1643
1059,1646
1060,1414
1060,1061
1060,1062
1060,1642
1060,1065
1060,1066
1060,1643
1060,1646
1060,1744
1060,1745
1060,1746
1060,1747
1061,1712
1061,1062
1061,1642
1061,1065
1061,1066
1061,1643
1061,1646
1062,1643
1062,1646
1063,1406
1063,1407
1063,1408
1063,1409
1064,2063
1065,1643
1065,1646
1066,1643
1066,1646
1070,1975
1070,1221
1071,1335
1072,1406
1073,1243
1074,1077
1074,1076
1074,1075
1075,1077
1075,1983
1075,2374
1075,1076
1076,1679
1076,1077
1078,1083
1078,1084
1078,1085
1078,1079
1078,1086
1078,1087
1078,1088
1079,1083
1079,1086
1079,1089
1079,1081
1079,1080
1080,2079
1083,1089
1083,1704
1083,1085
1083,1086
1084,2287
1085,1089
1086,1089
1086,1466
1088,2169
1088,2015
1088,2170
1088,2171
1088,1195
1090,2190
1090,2191
1090,2192
1090,2193
1090,2194
1091,1092
1091,1093
1091,1094
1091,1095
1091,1096
1091,1097
1092,1094
1092,1095
1092,1098
1092,1096
1092,1097
1094,1095
1094,1939
1094,1096
1094,1097
1095,1940
1095,1096
1095,1097
1096,1097
1099,1100
1100,1101
1101,2152
1102,1104
1102,1105
1102,1116
1102,1107
1102,1109
1103,1104
1103,1105
1103,1112
1103,1116
1103,1110
1103,1109
1104,1118
1104,1105
1104,1109
1104,1119
1104,1112
1104,1117
1104,1110
1104,1120
1105,1107
1105,1108
1105,1109
1105,1112
1105,1110
1106,1123
1107,1109
1107,1117
1108,1112
1108,1110
1108,1109
1108,1117
1108,1139
1108,1116
1108,1121
1109,1112
1109,1117
1109,1120
1110,1112
1110,1117
1112,1120
1113,1487
1113,1438
1114,1116
1116,1547
1116,1223
1117,1121
1117,2074
1118,1119
1118,1121
1119,1705
1119,1121
1123,1678
1123,1679
1123,1680
1123,1682
1123,1681
1124,1415
1125,2029
1125,1391
1125,2030
1127,1875
1127,1876
1127,1877
1127,1389
1127,1878
1127,1879
1127,1622
1128,1283
1128,1139
1128,1294
1128,1291
1128,1287
1128,1495
1128,1290
1128,1292
1129,1411
1134,1774
1134,2031
1134,2010
1134,2011
1134,2058
1136,1282
1136,1283
1136,1285
1136,1139
1136,1293
1136,1286
1136,1288
1137,2269
1138,1362
1138,1410
1139,1282
1139,1283
1139,1285
1139,1494
1139,1289
1139,1290
1139,1291
1139,1287
1139,1292
1139,1286
1142,2515
1143,1146
1143,1147
1143,1144
1143,1148
1144,1146
1145,1373
1145,2263
1150,1154
1150,1151
1151,1154
1153,2249
1154,2210
1154,2104
1155,1776
1155,1157
1155,1156
1159,1161
1159,1162
1159,1164
1159,1373
1159,1374
1159,1375
1160,1376
1160,1377
1160,1163
1160,1378
1160,1379
1161,1162
1161,1164
1161,1374
1162,1380
1162,1381
1162,1382
1162,1164
1162,1374
1162,1383
1163,1384
1164,1374
1164,1383
1166,1626
1166,1929
1166,2188
1166,2371
1166,2372
1166,2373
1166,2152
1169,1761
1169,1763
1169,1767
1169,1768
1169,1224
1169,1771
1173,1606
1180,1306
1181,1306
1183,1282
1183,1285
1183,1287
1183,1293
1183,1286
1186,2430
1187,1519
1187,1188
1188,1519
1189,2278
1191,2322
1193,1766
1193,1770
1195,2526
1195,2527
1196,1197
1196,1198
1196,1199
1197,1200
1201,1985
1205,1468
1206,2077
1206,2078
1207,1208
1211,1518
1211,1698
1211,1397
1212,2387
1213,1844
1216,1749
1216,1845
1216,1609
1217,1846
1217,1536
1218,1609
1218,1847
1219,1581
1223,1880
1223,1881
1223,1882
1223,1466
1224,1367
1225,1373
1226,1228
1226,1230
1226,1231
1227,1228
1227,1998
1227,1230
1227,1999
1227,1231
1228,1229
1228,1230
1228,1231
1229,1411
1230,1231
1232,1236
1233,1238
1233,1239
1233,1234
1233,1240
1233,1241
1233,1237
1233,1242
1234,1238
1234,1240
1234,1241
1234,1237
1235,1244
1236,1245
1236,1246
1236,1247
1236,1237
1238,1239
1238,1240
1238,1241
1239,1241
1239,1240
1240,1241
1240,1968
1241,1448
1241,1969
1241,1970
1245,1750
1245,1835
1245,1836
1246,1671
1246,2518
1251,1661
1251,2024
1252,1950
1252,1539
1252,2414
1257,1603
1257,1604
1257,1892
1261,1528
1261,1529
1261,2128
1262,1684
1262,1902
1263,1697
1264,2052
1265,1411
1265,1608
1265,1945
1266,2099
1267,1824
1267,2339
1269,1687
1269,1688
1269,1689
1269,1690
1269,1691
1269,1692
1269,1693
1269,1537
1271,1491
1271,1492
1271,1493
1271,1351
1271,1365
1272,2240
1274,2003
1274,1611
1276,1767
1276,1768
1278,1552
1278,1281
1281,1480
1281,2449
1282,1283
1282,1284
1282,1285
1282,1286
1282,1287
1282,1288
1283,1289
1283,1290
1283,1291
1283,1287
1283,1285
1283,1292
1283,1293
1283,1294
1283,1288
1283,1284
1284,1295
1284,1296
1284,1285
1285,1297
1285,1286
1285,1288
1285,1287
1285,1293
1286,1293
1286,1297
1286,1288
1287,1289
1287,1290
1287,1291
1287,1292
1287,1294
1287,1288
1288,1960
1288,1577
1289,1290
1289,1292
1289,1294
1290,1294
1290,1496
1290,1292
1291,1294
1291,1497
1291,1292
1293,1297
1293,1498
1300,1465
1301,1303
1303,1480
1304,1307
1304,1308
1304,1309
1305,1317
1307,1308
1308,1588
1309,1589
1311,2195
1312,1340
1312,1341
1312,1342
1313,1501
1313,2240
1314,1415
1314,2219
1315,2137
1316,1417
1316,1852
1317,1553
1317,1554
1317,1555
1317,1556
1317,1557
1318,1319
1318,1320
1318,1321
1319,1322
1319,1321
1320,1913
1321,1322
1322,1814
1322,2059
1323,1324
1323,1325
1323,1326
1323,1327
1323,1328
1323,1329
1323,1330
1323,1331
1324,1326
1324,1330
1324,1329
1325,1326
1325,1327
1325,1330
1325,1328
1326,1327
1326,1328
1326,1329
1326,1330
1326,1332
1327,1333
1327,1328
1327,1330
1328,1330
1328,1334
1328,1335
1328,1336
1328,1329
1329,1330
1334,1487
1337,1879
1337,2139
1337,2140
1338,1339
1340,1341
1340,1342
1341,1342
1345,1346
1345,1347
1345,1348
1345,1349
1345,1350
1345,1351
1346,1349
1346,1350
1346,1347
1346,1348
1347,1354
1347,1348
1347,1349
1348,1355
1348,1356
1348,1350
1349,1357
1349,1355
1349,1350
1351,1493
1351,1533
1357,2060
1358,2207
1360,1362
1360,1410
1362,1410
1367,1767
1367,1768
1368,1766
1368,1763
1369,1653
1371,1676
1371,2285
1373,1480
1373,1766
1373,1933
1373,1936
1373,1937
1373,1847
1373,1517
1375,1421
1375,1439
1375,1440
1375,2056
1375,1442
1376,1377
1376,1379
1377,1870
1377,1379
1378,2478
1379,1963
1379,1964
1386,1387
1387,1388
1389,1578
1389,1932
1391,2029
1391,1875
1391,2030
1392,2390
1394,1614
1394,2337
1394,2338
1395,1739
1397,1875
1397,2108
1397,2115
1405,2081
1406,2399
1407,1710
1407,1711
1409,1441
1410,1841
1410,1842
1411,1412
1411,1413
1411,1414
1413,1978
1414,1624
1414,1626
1414,1627
1414,1628
1414,1629
1414,1630
1414,1631
1414,1634
1414,1649
1414,1657
1414,1658
1414,1587
1414,1659
1416,1417
1417,1418
1418,2323
1418,2233
1419,1427
1419,1423
1419,1428
1419,1429
1419,1430
1419,1431
1419,1425
1419,1432
1419,1424
1419,1422
1419,1433
1420,1421
1421,1439
1421,1440
1421,1441
1421,1442
1422,1424
1422,1449
1423,1432
1423,1430
1423,1424
1423,1428
1423,1431
1423,1433
1424,1432
1424,1430
1424,1431
1424,1427
1424,1425
1424,1433
1425,1432
1425,1431
1425,1433
1428,1430
1428,1431
1430,1432
1430,1791
1430,1792
1430,1793
1430,1431
1430,1433
1431,1791
1431,1433
1432,1443
1432,1760
1432,1433
1436,1614
1437,1931
1437,1446
1439,1440
1439,2056
1439,1442
1439,2057
1440,2056
1440,1442
1440,2057
1442,2056
1444,1781
1448,2279
1448,1478
1448,2280
1450,1631
1450,1669
1450,2260
1450,2261
1450,1651
1450,1652
1451,2450
1453,1454
1453,1455
1454,2101
1457,1463
1457,1464
1459,1461
1459,1518
1463,1603
1463,1604
1464,2055
1472,2187
1474,1512
1474,1513
1478,1681
1478,2479
1478,2480
1479,2458
1480,1586
1484,1893
1487,1939
1487,2244
1487,2436
1487,2437
1487,2438
1487,2439
1487,2371
1487,2440
1487,2441
1487,1607
1487,2442
1487,2443
1487,2444
1487,2445
1487,2446
1487,2447
1488,1489
1494,1951
1497,2197
1497,2472
1499,1503
1499,1504
1499,1505
1501,1506
1502,1507
1502,1508
1502,1509
1505,1813
1505,2456
1507,1949
1508,1514
1509,2166
1512,1513
1516,2496
1518,1699
1518,1700
1518,1701
1518,1702
1518,1703
1519,1549
1519,2173
1520,2557
1521,1525
1522,1526
1524,1676
1527,1528
1528,1529
1530,1531
1530,1532
1530,1533
1530,1534
1530,1535
1531,1543
1531,1544
1532,1536
1532,1541
1532,2092
1533,2128
1533,2092
1536,1798
1536,2088
1536,2089
1536,2090
1536,2091
1536,2092
1539,2356
1543,2141
1543,2039
1544,2275
1545,1676
1545,2363
1545,2364
1547,1824
1552,1600
1552,1601
1552,1602
1556,2043
1561,2380
1562,2159
1562,2160
1569,2488
1569,2490
1569,2419
1571,2428
1572,2142
1573,1961
1573,2289
1573,2290
1578,1580
1578,1579
1578,1581
1578,1582
1579,1581
1581,1944
1581,1583
1584,2189
1590,1591
1590,1592
1591,1593
1592,2083
1595,1598
1598,1980
1598,2050
1602,2174
1605,1606
1606,1607
1611,2003
1614,1786
1624,1626
1624,1627
1624,1628
1624,1629
1624,1631
1624,1634
1624,1630
1626,1634
1626,1649
1626,1654
1626,1627
1626,1628
1626,1629
1626,1630
1626,1631
1626,1655
1627,1649
1627,1628
1627,1629
1627,1630
1627,1631
1627,1634
1628,1634
1628,1649
1628,1629
1628,1630
1628,1631
1629,1650
1629,1634
1629,1630
1629,1631
1630,1634
1630,1656
1630,1631
1631,1634
1631,1649
1631,1651
1631,1652
1633,1660
1633,1661
1633,1662
1634,1755
1634,1911
1638,1837
1641,1840
1642,1643
1643,1749
1643,1646
1646,1735
1649,2019
1651,2019
1651,2262
1651,2260
1651,1669
1651,2261
1651,1652
1652,1669
1652,2261
1652,2262
1653,1979
1653,2294
1659,2306
1660,1662
1662,1967
1664,1894
1665,2398
1669,2261
1678,1679
1678,1680
1678,1681
1679,1680
1679,1681
1680,1681
1683,1684
1684,1685
1684,1686
1687,1695
1689,1696
1690,1695
1691,1697
1691,1696
1693,2001
1693,1694
1693,2002
1693,1696
1694,2001
1694,2002
1695,2243
1695,2244
1695,1697
1697,2104
1697,2469
1697,2470
1700,1740
1701,1874
1702,2258
1702,2259
1709,1950
1710,1711
1714,2165
1715,1986
1726,2404
1729,2545
1733,2318
1733,2538
1733,2539
1733,1744
1736,1999
1736,2134
1739,2150
1744,2213
1748,2051
1750,1751
1750,1753
1750,1828
1750,1829
1750,1830
1750,1831
1755,1756
1757,1822
1758,2008
1763,1767
1763,1768
1765,1768
1766,1769
1767,2025
1767,2028
1767,1771
1768,2025
1772,1773
1774,2009
1774,2011
1775,1776
1778,1974
1778,1923
1780,1781
1781,1782
1781,1783
1781,1784
1782,1784
1782,2101
1787,2280
1802,1803
1810,1853
1810,1854
1811,1812
1811,1813
1811,1814
1815,2130
1815,1836
1824,2084
1824,2307
1828,2246
1828,1829
1829,2247
1829,2248
1829,1830
1838,2540
1846,1992
1846,1993
1848,1916
1848,1917
1848,1918
1861,2220
1866,2082
1868,2195
1871,1872
1875,2075
1875,2076
1880,2308
1881,2487
1883,1884
1883,1885
1884,1886
1884,1887
1884,1885
1885,1886
1885,1887
1885,2000
1886,1887
1889,2132
1892,1896
1894,1931
1894,2137
1894,2138
1897,1898
1898,2508
1898,2509
1898,1967
1898,2510
1914,1956
1915,2530
1919,1920
1919,1921
1920,1921
1922,2057
1922,1985
1922,2224
1923,2295
1925,1926
1927,1928
1928,1929
1930,1931
1933,1934
1934,1935
1941,1942
1942,1943
1945,1946
1945,1947
1945,1948
1952,1953
1953,1955
1957,2017
1961,2288
1963,2388
1967,2541
1973,2059
1975,1976
1977,1981
1978,1982
1978,1983
1980,1984
1986,2525
1989,2039
1989,2148
1989,2149
1996,1997
1999,2262
1999,2473
1999,2474
1999,2475
1999,2476
2006,2007
2007,2008
2009,2010
2010,2011
2010,2058
2012,2013
2015,2168
2017,2313
2017,2391
2019,2020
2019,2021
2019,2022
2023,2529
2029,2031
2029,2030
2029,2032
2030,2031
2030,2033
2033,2513
2034,2358
2035,2154
2036,2536
2037,2039
2040,2041
2046,2047
2052,2053
2052,2054
2057,2221
2057,2223
2057,2224
2069,2070
2069,2071
2071,2072
2075,2500
2076,2542
2076,2423
2077,2078
2080,2306
2083,2084
2085,2511
2091,2204
2091,2205
2096,2097
2097,2098
2099,2100
2101,2549
2104,2208
2104,2209
2104,2214
2104,2216
2104,2211
2104,2212
2104,2142
2106,2113
2108,2114
2108,2115
2120,2424
2120,2425
2122,2182
2122,2258
2123,2124
2123,2125
2123,2126
2129,2130
2129,2131
2132,2133
2135,2281
2135,2282
2141,2142
2141,2143
2142,2451
2142,2471
2143,2270
2143,2271
2143,2273
2143,2274
2143,2272
2145,2433
2145,2481
2145,2482
2146,2147
2147,2514
2152,2432
2152,2252
2154,2155
2154,2156
2156,2157
2156,2158
2157,2158
2161,2162
2161,2163
2161,2164
2167,2402
2181,2182
2183,2186
2183,2187
2185,2186
2185,2187
2186,2187
2186,2188
2195,2196
2195,2197
2195,2198
2199,2200
2207,2502
2208,2209
2208,2210
2208,2211
2208,2212
2208,2213
2209,2214
2209,2212
2210,2214
2210,2216
2210,2213
2210,2211
2210,2212
2211,2218
2211,2216
2212,2214
2212,2219
2212,2213
2213,2214
2213,2226
2214,2216
2219,2293
2221,2222
2221,2223
2234,2235
2239,2242
2243,2245
2245,2332
2245,2333
2251,2252
2252,2371
2258,2259
2264,2265
2264,2266
2265,2266
2265,2267
2266,2378
2266,2267
2268,2269
2270,2271
2270,2272
2270,2273
2271,2273
2279,2280
2280,2427
2285,2286
2290,2523
2291,2292
2293,2369
2293,2370
2310,2311
2312,2313
2315,2318
2318,2538
2323,2324
2323,2325
2325,2506
2326,2327
2326,2328
2326,2329
2351,2352
2356,2357
2358,2359
2359,2429
2360,2361
2377,2493
2388,2389
2393,2395
2403,2404
2404,2405
2406,2407
2408,2409
2409,2410
2420,2421
2422,2423
2423,2558
2430,2431
2432,2433
2432,2434
2450,2451
2450,2452
2464,2465
2464,2466
2483,2484
2483,2485
2488,2489
2508,2509
2519,2520
2537,2543
2542,2551
