0 1 0 18 
0 14 2011 326972 
0 1 27 1115 
0 0 0 17 
0 1 6 351 
0 1 0 5 
0 0 0 14 
0 0 12 247 
0 0 0 420 
0 21 316 8826 
0 0 0 13 
0 0 0 41 
0 0 0 1 
0 0 36 3047 
0 0 1 62 
0 0 1 1 
0 1 0 28 
0 0 2 100 
0 0 5 422 
0 0 2 131 
0 1 0 500 
0 1 2 174 
0 1 0 1444 
0 0 0 4 
0 5 173 16616 
0 4 118 5314 
0 0 0 292 
0 1 2 1225 
0 0 3 41 
0 0 0 39 
0 0 8 785 
0 0 2 4 
0 0 0 2 
0 0 0 2572 
0 0 0 575 
0 1 24 1779 
0 0 0 0 
0 3 16 9274 
0 0 0 31 
0 0 1 0 
0 0 0 188 
0 1 0 25 
0 1 8 1030 
0 0 0 2 
0 1 0 14 
0 3 97 24552 
0 2 8 128 
0 0 0 2 
0 15 698 77208 
0 0 0 92 
0 0 0 2 
0 0 0 33 
0 0 0 20 
0 0 0 2 
0 0 0 0 
0 0 49 31562 
0 5 87 19606 
0 0 0 20 
0 0 6 1196 
0 6 147 13327 
0 0 0 0 
0 0 0 0 
0 0 120 17114 
0 1 0 2503 
0 3 291 88446 
0 0 0 16 
0 2 5 265 
0 1 0 110 
0 0 7 636 
0 0 0 0 
0 0 0 9800 
0 3 16 9274 
0 0 0 53 
0 0 0 3 
0 133 18823 2116736 
0 0 0 20 
0 0 0 0 
0 0 0 2 
0 0 2 100 
0 0 0 0 
0 0 1 4 
0 0 0 6 
0 22 783 107757 
0 0 0 0 
0 6 231 25393 
0 1 17 3833 
0 2 59 8007 
0 0 1 6 
0 2 0 104 
0 0 27 4295 
0 0 0 281 
0 6 514 77010 
0 3 272 36147 
0 3 57 1698 
0 1 0 19 
0 0 9 569 
0 0 12 374 
0 1 0 1212 
0 0 0 163 
0 0 2 86 
0 0 0 0 
0 0 0 0 
0 20 5334 1629234 
0 0 2 175 
0 0 4 356 
0 1 0 19 
0 9 727 79971 
0 1 5 192 
0 0 0 10 
0 0 0 7 
0 0 0 2 
0 3 76 22194 
0 0 0 60 
0 0 60 12320 
0 0 0 145 
0 0 0 1646 
0 0 0 2572 
0 0 0 0 
0 2 7 120 
0 0 6 2108 
0 0 0 0 
0 0 2383 688408 
0 0 2 36 
0 0 0 4 
0 1 0 72 
0 0 0 18 
0 0 0 90 
0 0 0 25 
0 1 0 79 
0 0 1196 370696 
0 1 0 6923 
0 0 0 120 
0 1 0 17 
0 0 0 2 
0 5 350 83274 
0 0 0 5 
0 0 1 223 
0 1 24 10907 
0 0 0 33 
0 0 0 0 
0 0 0 195 
0 0 0 124 
0 0 0 815 
0 0 3 115 
0 0 0 4077 
0 0 1 182 
0 4 20 1727 
0 2 152 16848 
0 0 0 0 
0 0 1 85 
0 0 0 591 
0 1 2 2629 
0 0 4 168 
0 0 215 27501 
0 0 8 785 
0 1 0 310 
0 0 1 70 
0 0 1 3 
0 0 4 168 
0 0 0 18 
0 1 0 121 
0 0 12 2240 
0 0 2 36 
0 0 3 325 
0 1 10 1137 
0 2 10 1394 
0 0 1 1 
0 0 0 445 
0 0 0 281 
0 0 87 22634 
0 3 38 2730 
0 0 1 0 
0 3 264 41049 
0 10 716 168076 
0 2 11 1410 
0 0 0 172 
0 1 0 43 
0 0 0 76 
0 1 1 284 
0 0 15 1161 
0 1 4 673 
0 0 0 4 
0 0 9 543 
0 1 0 50 
0 2 0 658 
0 1 0 10 
0 0 3 12 
0 0 1 0 
0 1 0 636 
0 0 0 2579 
0 0 4 74 
0 16 880 123722 
0 0 1 0 
0 0 0 591 
0 1 0 31 
0 0 0 0 
0 0 0 0 
0 1 0 646 
0 0 0 5 
0 0 4 673 
0 1 0 9 
0 0 0 0 
0 0 16 3487 
0 0 0 0 
0 3 63 4872 
0 11 1174 124691 
0 0 63 8798 
0 1 43 3681 
0 23 5787 1773797 
0 0 4 28 
0 7 138 6425 
0 1 0 605 
0 0 0 18 
0 0 0 1 
0 0 1 74 
0 0 0 0 
0 0 0 1 
0 0 0 60 
0 0 0 6 
0 1 0 3990 
0 7 217 16513 
0 0 0 71 
0 0 0 0 
0 0 0 4 
0 3 210 33763 
0 3 38 2730 
0 0 0 34 
0 0 1 9 
0 6 478 30630 
0 1 7 1059 
0 0 0 9 
0 4 236 63612 
0 1 9 752 
0 0 0 0 
0 0 0 396 
0 1 0 1212 
0 0 1 8 
0 0 0 0 
0 2 14 4948 
0 0 0 44 
0 3 14 3241 
0 0 0 0 
0 0 0 103 
0 1 0 11 
0 0 0 9 
0 0 0 2 
0 0 16 3295 
0 0 0 68 
0 0 1 446 
0 0 0 751 
0 0 0 0 
0 0 1 22 
0 0 0 64 
0 1 1 26 
0 1 4 220 
0 13 896 66038 
0 0 0 155 
0 0 0 94 
0 0 0 0 
0 0 0 13 
0 1 0 8 
0 0 0 9 
0 0 1 26 
0 0 0 640 
0 3 246 49277 
0 1 39 3832 
0 0 0 101 
0 2 105 22893 
0 0 0 0 
0 1 36 5375 
0 0 0 5 
0 1 0 769 
0 1 4 115 
0 0 0 34 
0 0 0 1 
0 0 0 7016 
0 0 0 0 
0 0 0 109 
0 0 2 13 
0 1 0 110 
0 0 2 31 
0 0 74 10422 
0 0 1 564 
0 1 284 48329 
0 0 8 1165 
0 1 1 12 
0 0 0 84 
0 0 0 0 
0 0 0 0 
0 1 77 10193 
0 1 0 5 
0 0 0 545 
0 0 0 16 
0 0 0 0 
0 0 0 120 
0 1 8 780 
0 1 2 548 
0 0 0 15 
0 0 0 0 
0 0 0 1510 
0 0 0 219 
0 2 8 72 
0 2 48 10445 
0 0 0 179 
0 0 0 5 
0 0 0 0 
0 2 130 9579 
0 0 0 148 
0 0 0 1260 
0 0 0 105 
0 0 0 0 
0 0 0 3 
0 2 30 2488 
0 4 1519 389572 
0 3 71 7474 
0 0 0 189 
0 0 0 24 
0 0 0 727 
0 14 3219 484212 
0 1 1 1287 
0 0 0 2 
0 0 0 14 
0 2 2 59 
0 0 0 14 
0 0 0 421 
0 0 0 5840 
0 1 0 1595 
0 0 0 71 
0 0 2 471 
0 0 0 586 
0 6 268 12828 
0 0 0 0 
0 1 0 109 
0 26 3547 666953 
0 1 0 28 
0 0 0 12 
0 1 0 17 
0 2 7 243 
0 0 3 656 
0 1 5 957 
0 0 0 10 
0 0 12 13356 
0 0 92 29974 
0 0 0 0 
0 0 85 12113 
0 3 39 729 
0 1 56 1564 
0 0 6 640 
0 0 0 1 
0 0 0 84 
0 1 0 131 
0 90 9541 1375213 
0 0 0 0 
0 0 4 590 
0 2 172 24082 
0 0 0 18 
0 0 14 405 
0 0 1 176 
0 0 0 315 
0 1 8 206 
0 0 0 5 
0 0 0 10 
0 0 0 0 
0 0 0 27 
0 0 0 33 
0 10 1413 245996 
0 1 0 185 
0 1 0 17 
0 11 2933 895429 
0 0 0 0 
0 0 0 347 
0 1 0 8 
0 0 1 2 
0 0 24 1986 
0 0 0 272 
0 1 27 1059 
0 0 1 1 
0 0 0 986 
0 6 514 76373 
0 0 0 0 
0 0 0 0 
0 0 0 180 
0 0 0 114 
0 0 2 92 
0 3 315 50877 
0 0 48 5068 
0 0 0 4 
0 0 87 22634 
0 2 11 1410 
0 0 0 13 
0 0 2 16 
0 1 34 7062 
0 1 5 192 
0 0 0 0 
0 0 0 52 
0 19 780 116818 
0 13 896 66038 
0 0 32 15964 
0 1 0 94 
0 0 0 0 
0 0 4 38 
0 0 1 2 
0 1 1 86 
0 0 0 2512 
0 1 8 256 
0 0 0 10 
0 0 0 0 
0 0 0 110 
0 0 0 343 
0 1 0 232 
0 0 0 0 
0 1 0 24 
0 1 0 12 
0 14 3219 484212 
0 0 0 10 
0 1 0 204 
0 1 10 358 
0 0 0 92 
0 1 7 275 
0 0 6 543 
0 0 0 677 
0 0 9 896 
0 1 0 533 
0 0 0 0 
0 1 0 31 
0 0 0 6 
0 0 0 2 
0 0 0 0 
0 0 3 841 
0 0 7 997 
0 0 0 64 
0 15 2199 561799 
0 0 0 4 
0 0 2 328 
0 0 2 0 
0 0 0 0 
0 0 0 136 
0 0 0 6 
0 0 0 1369 
0 0 0 24 
0 0 0 3 
0 0 0 32 
0 0 0 2 
0 0 0 0 
0 0 4 275 
0 0 0 13 
0 0 2 36 
0 6 511 46624 
0 0 0 6 
0 3 114 9299 
0 0 0 1 
0 1 0 1069 
0 0 0 9 
0 1 0 857 
0 0 0 9588 
0 0 0 269 
0 2 7 1700 
0 0 0 0 
0 2 153 19548 
0 1 0 6923 
0 0 0 0 
0 1 0 18 
0 2 7 619 
0 0 0 98 
0 0 1 6 
0 0 1 0 
0 13 2052 331320 
0 4 65 2005 
0 0 7 626 
0 0 125 17384 
0 0 17 1908 
0 0 0 9 
0 1 6 84 
0 0 66 20523 
0 0 0 3 
0 1 0 270 
0 0 0 10 
0 1 0 1061 
0 9 243 6786 
0 12 918 110606 
0 0 3 900 
0 0 1 61 
0 0 0 0 
0 2 36 6138 
0 0 0 0 
0 2 24 3360 
0 1 1612 212439 
0 0 2 34 
0 1 2 43 
0 0 0 0 
0 0 0 21 
0 0 0 139 
0 0 0 814 
0 0 4 222 
0 1 11 241 
0 0 0 0 
0 0 0 0 
0 1 42 13854 
0 9 551 54640 
0 0 5 85 
0 0 3 54 
0 0 1277 228071 
0 1 0 113 
0 0 12 31359 
0 1 0 18 
0 1 2 22 
0 0 0 0 
0 0 76 9200 
0 6 106 12872 
0 0 0 0 
0 0 0 48 
0 0 0 3 
0 0 0 78 
0 3 10 683 
0 0 873 286946 
0 1 0 4555 
0 0 0 174 
0 0 0 0 
0 0 4 712 
0 1 0 47 
0 0 0 2 
0 1 2 548 
0 5 131 4107 
0 0 0 0 
0 0 1 83 
0 2 0 112 
0 0 0 234 
0 3 276 36938 
0 1 2 1197 
0 0 4 252 
0 0 1 58 
0 1 7 1015 
0 3 46 5615 
0 0 0 168 
0 3 114 9320 
0 0 196 6589 
0 0 0 51 
0 0 0 1 
0 0 41 5603 
0 0 0 3901 
0 1 0 232 
0 2 45 2928 
0 0 0 210 
0 1 0 9 
0 11 1030 119210 
0 0 0 1001 
0 2 525 59294 
0 0 0 0 
0 0 0 52 
0 0 10 4482 
0 51 5115 683576 
0 1 0 150 
0 0 4 192 
0 0 0 0 
0 0 0 44 
0 0 0 12 
0 2 226 14666 
0 0 0 0 
0 0 0 0 
0 0 0 0 
0 0 0 171 
0 0 0 0 
0 0 0 0 
0 0 0 16 
0 0 0 5 
0 0 0 95 
0 0 4 230 
0 4 97 24417 
0 0 1 7 
0 0 3 270 
0 0 0 12 
0 1 31 4736 
0 1 3 395 
0 0 6 1992 
0 0 0 279 
0 1 0 52 
0 0 2 134 
0 20 857 134624 
0 2 131 20278 
0 0 0 0 
0 1 30 9816 
0 1 0 113 
0 0 0 0 
0 0 0 30 
0 0 0 0 
0 0 0 11340 
0 0 0 33 
0 0 0 0 
0 0 0 0 
0 0 4 2658 
0 1 0 22 
0 3 87 12537 
0 0 0 0 
0 0 0 23 
0 1 0 2992 
0 0 0 0 
0 2 68 6978 
0 0 0 0 
0 1 10 3767 
0 7 176 14735 
0 0 0 135 
0 0 28 1893 
0 0 0 0 
0 1 0 2503 
0 2 8 860 
0 0 14 6890 
0 1 0 73 
0 0 0 335 
0 1 22 1172 
0 0 0 21 
0 0 3 36 
0 0 0 0 
0 1 11 1530 
0 0 27 2622 
0 1 0 644 
0 0 0 371 
0 0 502 127968 
0 0 0 0 
0 0 12 226 
0 0 29 3817 
0 0 1 21 
0 0 0 11 
0 0 0 9 
0 0 0 16 
0 0 0 98 
0 0 0 34 
0 0 0 18 
0 0 0 0 
0 0 21 11131 
0 0 0 718 
0 12 259 12663 
0 3 53 24309 
0 1 0 16 
0 1 0 706 
0 0 1 23 
0 0 0 0 
0 0 0 173 
0 0 0 213 
0 0 0 42 
0 0 0 9 
0 0 0 0 
0 0 0 744 
0 0 229 7355 
0 0 3 513 
0 0 4 38 
0 0 6 704 
0 0 16 1137 
0 0 1 152 
0 1 35 2596 
0 0 42 9734 
0 0 0 159 
0 2 30 9996 
0 0 1 2 
0 1 0 24 
0 4 65 1458 
0 0 8 729 
0 0 1 351 
0 0 0 2 
0 0 154 15728 
0 0 0 52 
0 0 0 184 
0 0 0 268 
0 0 0 6 
0 0 0 0 
0 0 0 276 
0 1 0 130 
0 1 0 9 
0 9 489 48545 
0 0 10 275 
0 0 4 72 
0 3 8 396 
0 4 54 901 
0 0 18 1471 
0 0 0 0 
0 0 8 669 
0 0 193 22110 
0 0 76 12823 
0 0 0 0 
0 1 56 1571 
0 1 9 188 
0 51 5115 683576 
0 0 24 10312 
0 0 0 0 
0 2 96 38625 
0 0 0 70 
0 0 0 0 
0 0 0 0 
0 0 26 3926 
0 1 0 51 
0 0 0 23 
0 0 0 10 
0 0 0 122 
0 0 0 18 
0 0 0 14 
0 0 2 282 
0 8 661 61169 
0 2 7 1700 
0 0 8 2531 
0 4 101 18027 
0 0 2 63 
0 0 3 226 
0 0 0 0 
0 0 0 0 
0 0 84 8346 
0 1 0 36 
0 21 2516 311765 
0 0 11 481 
0 0 0 44 
0 1 0 42 
0 180 57715 18085627 
0 2 81 6009 
0 1 0 124 
0 3 39 729 
0 5 121 21206 
0 1 1 992 
0 0 4 2139 
0 0 0 44 
0 1 0 151 
0 0 0 0 
0 1 9 1405 
0 0 0 5 
0 0 10 2183 
0 0 0 183 
0 1 26 4736 
0 0 0 1072 
0 0 0 0 
0 0 0 0 
0 0 0 3 
0 2 12 152 
0 1 0 243 
0 0 8 1167 
0 0 4 81 
0 0 0 0 
0 0 0 15 
0 0 6 704 
0 1 0 2032 
0 0 3 475 
0 2 91 8553 
0 0 6 3171 
0 1 77 9974 
0 0 0 12 
0 0 0 298 
0 0 1 0 
0 2 12 3670 
0 1 1 1797 
0 0 317 75414 
0 0 5 1102 
0 1 4 220 
0 0 0 0 
0 0 0 4 
0 1 0 23 
0 0 8 711 
0 1 11 3168 
0 0 0 0 
0 1 0 15 
0 1 0 102 
0 0 56 14420 
0 8 701 116514 
0 0 0 0 
0 0 0 0 
0 0 30 1108 
0 0 0 160 
0 0 1 0 
0 0 0 1 
0 3 114 9320 
0 0 0 1242 
0 0 0 155 
0 0 64 23604 
0 9 138 4423 
0 0 68 16390 
0 0 5 585 
0 0 0 321 
0 0 0 282 
0 1 0 5380 
0 0 0 5 
0 0 11 1705 
0 0 1 324 
0 0 29 1700 
0 0 1 237 
0 0 0 0 
0 0 1 19 
0 7 176 14746 
0 0 0 0 
0 0 0 0 
0 2 20 646 
0 1 1 55 
0 1 0 9 
0 2 0 112 
0 0 0 140 
0 0 0 0 
0 1 0 7 
0 1 0 30 
0 0 17 574 
0 0 4 188 
0 0 0 60 
0 0 4 583 
0 0 0 177 
0 0 0 2 
0 0 0 0 
0 1 0 1069 
0 0 0 0 
0 0 0 67 
0 0 0 0 
0 0 32 1917 
0 0 4 401 
0 1 0 29 
0 0 0 956 
0 0 0 75 
0 0 0 24 
0 0 6 175 
0 0 1 0 
0 0 1 0 
0 0 0 0 
0 1 0 130 
0 0 0 94 
0 4 46 2739 
0 0 8 2547 
0 1 0 916 
0 0 0 0 
0 0 3 64 
0 0 5 265 
0 9 4045 1217256 
0 1 0 27 
0 1 0 50 
0 1 3 114 
0 0 0 174 
0 1 4 709 
0 0 0 0 
0 0 0 56 
0 0 0 0 
0 0 0 34 
0 1 2 43 
0 0 11 1474 
0 1 0 21 
0 0 0 0 
0 0 0 13 
0 1 0 121 
0 1 4 418 
0 0 1 29 
0 0 0 751 
0 0 0 6 
0 1 10 3745 
0 0 4 198 
0 1 0 55 
0 0 1 0 
0 0 10 412 
0 21 4606 466489 
0 0 12 622 
0 0 40 14244 
0 0 27 4048 
0 0 0 1 
0 0 0 28 
0 3 276 37087 
0 3 89 4074 
0 1 10 358 
0 0 0 0 
0 1 0 15 
0 0 48 5361 
0 0 5 119 
0 0 1 0 
0 0 12 3271 
0 0 9 383 
0 0 4 114 
0 0 11 1616 
0 2 14 6305 
0 0 3 513 
0 0 0 1130 
0 0 0 0 
0 1 0 171 
0 0 2 262 
0 2 140 13733 
0 2 13 1048 
0 0 0 18 
0 0 0 3 
0 0 0 0 
0 1 0 119 
0 1 0 14 
0 1 0 30 
0 0 0 0 
0 0 0 2084 
0 0 0 0 
0 2 96 38625 
0 0 0 0 
0 1 0 9 
0 0 0 0 
0 0 0 11 
0 0 0 17 
0 0 7 780 
0 0 24 6450 
0 5 3331 999080 
0 0 7 1170 
0 0 0 4 
0 0 0 5 
0 4 183 12567 
0 0 0 0 
0 3 27 390 
0 0 32 1917 
0 0 0 24 
0 0 0 0 
0 1 0 206 
0 1 19 7146 
0 0 3 789 
0 1 1 1138 
0 1 8 789 
0 0 5 1828 
0 0 51 4073 
0 1 0 1061 
0 0 0 110 
0 0 0 28 
0 0 80 3259 
0 2 22 3306 
0 0 0 68 
0 0 0 28 
0 0 0 17 
0 1 52 3689 
0 1 0 52 
0 0 0 0 
0 209 12532 2305505 
0 0 0 315 
0 17 3669 918224 
0 0 2 175 
0 0 0 0 
0 0 74 10648 
0 0 0 1 
0 2 0 1000 
0 0 10 287 
0 0 212 27039 
0 4 116 21487 
0 0 7 1446 
0 0 6 1169 
0 0 4 124 
0 1 6 1588 
0 0 0 106 
0 0 1 187 
0 19 639 124691 
0 2 6 973 
0 3 12 1654 
0 0 7 292 
0 0 0 39 
0 0 0 148 
0 1 0 391 
0 0 0 21 
0 0 0 1 
0 0 8 2096 
0 1 0 9 
0 0 1 2 
0 2 22 3306 
0 0 0 0 
0 18 5087 1044029 
0 0 0 62 
0 0 0 0 
0 1 0 59 
0 0 0 6 
0 4 108 5328 
0 0 1 0 
0 0 1 0 
0 0 0 0 
0 0 0 94 
0 0 0 0 
0 0 1 6 
0 0 0 0 
0 0 0 744 
0 0 0 152 
0 1 0 26 
0 0 0 82 
0 0 30 5018 
0 9 1125 139358 
0 0 0 0 
0 56 20961 4757086 
0 9 138 4423 
0 0 11 1297 
0 0 0 0 
0 4 120 6772 
0 1 1612 241057 
0 0 0 35 
0 0 0 396 
0 0 0 496 
0 1 4 1582 
0 2 131 12890 
0 0 40 14244 
0 0 2 266 
0 0 0 459 
0 0 0 0 
0 0 0 0 
0 0 12 13783 
0 1 24 1989 
0 0 0 0 
0 0 4 72 
0 0 0 0 
0 0 0 67 
0 0 0 0 
0 12 1238 143312 
0 0 0 0 
0 0 11 523 
0 1 0 562 
0 0 1 199 
0 0 0 21 
0 0 0 1 
0 0 0 14 
0 0 5 294 
0 0 0 71 
0 0 154 76326 
0 0 0 0 
0 0 0 20 
0 0 0 422 
0 0 0 24 
0 0 0 96 
0 1 9 34 
0 1 27 1321 
0 0 0 0 
0 5 81 2478 
0 4 60 11122 
0 0 0 0 
0 0 2 206 
0 0 0 3964 
0 0 0 64 
0 0 2 10 
0 0 3 97 
0 0 0 0 
0 0 0 34 
0 0 0 85 
0 2 12 2523 
0 0 0 0 
0 0 2 163 
0 56 20961 4757086 
0 1 0 121 
0 9 693 78895 
0 0 0 3 
0 0 5 191 
0 0 0 16 
0 0 0 0 
0 50 4568 481594 
0 1 0 5 
0 1 11 1051 
0 8 167 23892 
0 1 0 8 
0 0 0 20 
0 1 0 111 
0 1 2 450 
0 1 0 36 
0 0 2 328 
0 0 0 0 
0 0 0 162 
0 1 2 15 
0 1 2 37 
0 0 6 63 
0 17 3886 960251 
0 0 0 346 
0 0 120 17296 
0 0 0 66 
0 1 0 2032 
0 0 0 33 
0 1 1 209 
0 0 0 60 
0 1 0 505 
0 1 0 6 
0 10 435 69249 
0 0 0 22 
0 1 0 113 
0 0 1 7 
0 1 1 209 
0 0 5 1032 
0 0 7 756 
0 1 2 40 
0 0 2 376 
0 0 0 0 
0 1 12 749 
0 1 0 381 
0 379 59249 10802968 
0 0 0 503 
0 1 0 19 
0 2 8 88 
0 0 0 31 
0 0 7 449 
0 0 8 2096 
0 0 15 1116 
0 0 0 0 
0 0 1 246 
0 18 6659 1257014 
0 0 3 3028 
0 1 0 3 
0 0 0 2 
0 0 0 0 
0 0 0 0 
0 0 0 5 
0 1 0 192 
0 0 1 3 
0 6 324 31740 
0 0 13 840 
0 0 0 44 
0 0 0 3097 
0 0 10 146 
0 1 0 81 
0 0 0 3 
0 12 1793 281150 
0 0 0 39 
0 0 2 147 
0 0 4 472 
0 1 0 633 
0 0 0 0 
0 1 0 7 
0 0 0 28 
0 0 0 1393 
0 0 102 37580 
0 0 5 1020 
0 0 0 44 
0 0 0 16 
0 2 42 6088 
0 0 0 33 
0 0 0 188 
0 0 0 0 
0 0 0 617 
0 1 2 1197 
0 0 1 28 
0 2 76 26664 
0 2 45 3038 
0 4 144 38204 
0 0 1 15 
0 1 12 749 
0 0 0 7 
0 0 4 380 
0 0 0 0 
0 0 2 44 
0 4 18 1600 
0 0 0 9 
0 0 0 16 
0 1 4 178 
0 1 0 14 
0 0 0 1362 
0 0 0 0 
0 0 0 12 
0 0 0 104 
0 0 0 140 
0 0 0 368 
0 12 1953 303796 
0 0 5 354 
0 0 0 163 
0 3 42 6781 
0 0 0 9 
0 1 2 403 
0 0 2 20 
0 0 0 3 
0 0 1 36 
0 0 0 0 
0 0 0 1297 
0 0 0 0 
0 0 247 41864 
0 0 62 18065 
0 0 16 1215 
0 0 1 15 
0 0 0 91 
