2219	2218	369	8
3194	2035	1293	353
262	501	749	61
1021	99	2105	601
3398	374	927	36
2460	107	3471	652
3161	3263	1354	17
525	1700	455	146
709	140	2680	124
2539	901	1159	120
1833	447	85	4
936	452	2522	674
1278	2349	678	203
2355	1326	137	4
2527	338	926	18
2590	361	438	60
1646	256	903	82
1369	3224	387	8
1730	365	1533	524
181	1728	1263	556
565	305	3097	521
1573	1749	295	7
2590	1475	2929	159
2792	1104	2087	695
1164	1056	1312	14
3041	3043	1737	458
1999	712	2488	201
558	1424	1547	74
546	253	665	363
2522	2720	1665	1392
103	1032	976	339
3632	909	2556	17
3355	426	302	7
1533	2562	1660	906
3289	775	250	7
2515	691	1118	35
2535	1529	2489	1177
2184	763	1263	556
3288	3514	1564	308
59	3310	201	5
2499	5	2557	73
3060	1787	2083	49
809	2936	1337	216
492	3189	1809	467
3601	315	758	262
1805	305	417	35
3189	1384	925	617
625	1107	3065	292
1274	499	335	7
2120	479	1878	169
2868	1943	1601	265
956	2066	849	204
1366	670	1473	109
3298	1536	2127	1011
198	984	3260	312
3558	3641	3171	370
788	780	793	301
467	1507	2352	666
2599	17	1450	580
2479	1434	1655	621
805	2200	1416	63
1180	2399	764	23
2214	884	935	175
2350	1096	927	36
1169	454	2496	672
1757	1767	2374	72
1952	276	3400	1371
2006	1697	1135	35
331	374	1860	228
1609	73	1278	123
2932	2896	422	17
1671	1670	2080	218
1380	2053	3065	292
2991	544	2800	152
2169	2892	1479	176
1274	184	3311	344
914	775	1293	353
2656	2749	2129	579
617	656	675	177
3466	3464	1099	35
2399	1633	3318	620
1114	2	1179	374
3348	1275	1684	33
2844	223	738	35
2759	2756	1366	16
2000	1859	2039	862
2095	609	26	1
501	175	2521	640
597	496	1186	16
1265	395	2496	672
1985	3478	1357	537
686	693	1040	58
2342	646	1692	227
770	1827	1273	479
1283	631	190	5
960	372	1104	35
2785	1243	1403	36
3169	92	1220	74
1806	2216	728	126
308	1281	493	146
3505	1226	35	2
2337	447	1488	207
2683	828	1471	609
2986	2222	1550	74
577	555	446	60
1320	703	2944	828
3076	1014	3235	323
2317	357	2068	1214
2569	1082	881	82
2107	532	1664	524
831	107	1842	129
2859	2386	1350	257
2933	2699	3611	1034
2790	757	1690	425
2087	2101	3266	263
822	2586	119	4
3091	196	827	178
1716	504	2899	38
2509	829	1485	43
1234	3563	1055	74
790	308	2756	289
1763	1756	1538	74
634	655	1504	119
1593	265	2165	350
162	130	993	41
1793	69	1417	63
901	1105	1298	37
1904	702	1413	152
884	607	260	7
236	2967	1126	35
721	2037	1078	35
266	281	176	5
2625	2743	2789	499
1220	3609	1202	295
1262	2033	1714	305
2103	2272	279	7
844	1116	297	7
1251	979	1159	120
672	95	306	7
210	2895	1390	1046
2166	1204	2397	606
2593	1413	1627	147
1789	745	1042	38
3419	1308	2754	272
791	374	115	4
328	3518	496	116
2517	1608	1276	674
1213	2444	1988	133
3165	433	1641	675
2641	125	1183	27
1959	209	1609	158
445	673	478	146
1820	614	532	16
1658	2384	2199	73
1300	387	906	366
376	3430	584	171
2247	1060	426	115
1907	146	1026	352
2140	390	1426	684
3563	3159	1319	376
1001	1378	510	35
2755	3580	394	9
757	3047	3608	892
115	990	2566	1330
441	2117	1146	35
3340	2132	2275	572
2959	2960	2853	69
161	2882	2556	17
678	939	561	401
1454	924	518	400
2361	2647	2082	593
890	2365	407	26
637	486	2370	225
3148	1379	1842	129
2871	242	2548	722
3570	549	1556	95
3436	543	2731	100
3549	7	978	36
3062	57	858	326
922	99	290	7
2235	2132	3076	112
7	877	375	8
578	447	549	60
1133	675	3044	160
1417	737	723	41
3003	1980	1513	420
1535	62	463	146
517	1663	1234	38
2110	559	478	146
2318	685	3431	3320
2561	832	962	225
3511	983	2953	105
2389	1009	2766	235
2273	3128	1458	45
2742	1124	2405	135
2304	1292	1331	360
1047	2482	2774	827
3130	52	2295	222
893	3456	2107	494
3028	931	439	60
2914	3173	510	35
2955	146	703	204
2464	2060	3014	96
3086	8	2069	21
237	1718	340	7
2590	459	3264	676
160	2540	674	41
711	3472	587	16
1942	2547	1085	37
3557	1220	2384	689
1698	231	1341	18
2564	440	2417	2169
1649	889	204	6
3064	860	22	1
3071	1725	1039	58
1429	720	653	407
2454	2201	526	60
2311	865	2940	1204
2164	203	1866	228
1193	2297	1077	35
3339	375	3086	292
1209	3084	1216	305
344	1226	2141	533
3333	656	70	4
2377	407	1034	33
1422	414	1285	1043
799	668	3093	975
2635	3374	3328	151
1123	785	2245	690
2948	688	2203	16
3101	1071	1919	161
2810	712	971	177
2764	2711	1139	35
2184	1212	1985	41
1855	188	755	262
410	1848	1387	1082
2442	2445	209	6
2476	2473	140	4
1449	2546	280	7
2071	1033	1371	654
690	920	543	26
2380	2291	2697	2267
584	246	3001	269
2051	1681	1927	17
2763	693	506	146
3409	290	1307	104
1638	1635	1607	79
732	3024	1494	23
1700	498	161	4
1206	1349	178	5
356	1622	1296	101
116	1289	858	326
1124	102	1378	238
1309	2517	3400	1371
708	1333	1226	101
1161	438	2259	18
158	2388	541	60
1624	1353	2134	152
2659	2843	380	8
403	18	2236	99
2664	411	2066	19
3443	1033	1035	172
677	207	2774	827
420	1542	1426	684
771	3437	85	4
2418	1669	3289	991
613	249	1019	37
3486	462	1830	1814
3472	1061	913	16
2744	583	26	1
2768	1657	404	88
3010	514	1783	33
1129	1086	1021	540
2275	201	224	7
3294	3296	173	4
2579	1344	284	7
3395	3394	2272	837
3394	2050	1702	14
828	331	2845	621
312	2918	1068	34
2994	2198	3509	1799
2547	1153	2991	948
3012	834	292	7
517	13	2881	583
689	2701	1327	376
3237	2726	1013	589
3262	1136	2779	827
2208	1074	641	407
1562	1075	1241	116
1901	983	2329	260
1147	948	1295	353
2647	305	2434	141
2993	2996	1569	345
2430	1484	2874	326
131	535	510	35
290	547	624	26
3250	1416	248	7
426	618	626	88
1242	3452	498	102
35	3583	1020	420
2985	2980	3101	689
1726	1725	58	4
3441	209	656	36
1511	483	1706	131
3008	962	2926	73
2080	2147	2914	111
1310	3102	1216	305
1310	1642	1490	207
407	820	2345	160
2644	2270	1597	459
3642	1021	2441	1118
2221	633	1321	1002
2266	852	175	5
817	2736	936	203
563	897	1075	77
2298	1323	780	610
2773	2776	1814	18
2515	1535	1658	1269
722	748	142	4
3283	654	606	35
292	1128	2527	574
2144	446	2635	228
901	1705	3076	112
1888	1890	714	253
3548	803	1164	658
151	1286	2813	16
3280	3277	68	4
275	292	1460	608
1919	37	91	4
1588	1585	1041	58
2639	2050	2037	276
2214	983	3036	1222
3065	203	2080	218
3301	912	2092	240
2794	64	632	152
281	2419	2755	272
1726	399	1276	674
2769	1658	1149	35
2144	497	2069	21
1424	698	2494	633
3593	670	67	4
826	2457	2420	175
408	416	1588	37
1103	2004	2217	125
376	1898	1784	87
2028	3308	2383	160
3596	37	958	141
2724	2821	1876	134
1913	1105	847	204
1866	606	1313	104
583	1349	992	83
792	2490	1863	257
462	2485	1612	174
2284	1613	3508	1006
3378	2248	1397	210
2428	1553	805	83
72	61	108	4
1103	36	2692	160
3391	1004	1962	315
654	2361	862	440
2950	2954	2012	141
3085	305	313	7
1197	1562	1191	41
758	2105	457	58
1220	1538	771	260
3358	2872	328	7
2692	3050	945	154
2218	3390	948	98
732	2806	2062	1214
2217	1750	1457	127
1910	1227	2757	21
3562	35	1028	50
2064	955	211	6
1240	1815	1772	272
1938	1073	2560	446
3246	390	594	58
3155	1129	3259	976
1368	24	919	18
2037	144	1101	35
2241	2888	579	102
1690	611	295	7
826	1050	984	53
2015	2604	1619	37
2349	1886	765	665
2425	2567	378	8
2036	2297	688	49
3269	679	1302	16
248	2874	2301	29
35	2866	92	4
1852	111	2388	48
205	1496	1398	210
914	2938	578	139
1335	1339	2272	837
570	565	1993	723
1422	2684	3059	126
2383	2970	1777	56
280	633	1479	176
57	3130	592	14
195	182	2071	1122
2799	2243	1669	120
497	3249	601	205
3130	1234	69	4
2232	609	3136	706
660	2198	2769	961
1214	1219	1618	41
131	532	1180	63
1189	764	215	7
2301	790	1126	35
768	3237	835	49
2080	2223	851	67
3348	2576	306	7
2301	2573	280	7
2934	636	2361	230
3101	861	2088	508
669	652	2364	1015
2783	1115	2420	175
998	217	2175	352
1982	2519	438	60
3031	1454	2045	787
632	320	1819	20
2830	30	904	111
2117	933	1807	13
2513	1547	2418	523
3609	2718	792	27
1279	104	3400	1371
2095	1217	74	4
2226	3613	2944	828
1871	1887	1350	257
3401	2068	1476	102
3312	3246	938	41
1284	1491	1388	152
3260	800	963	35
918	83	2134	152
3517	1870	2017	240
410	2419	1038	58
3091	458	3304	397
3378	1782	1245	41
1868	2107	1097	35
1796	1754	1168	253
1806	146	2807	152
3121	146	2056	378
699	2814	1974	380
1066	694	2026	16
3396	1133	877	98
2820	1519	1427	88
1003	2518	598	205
2856	207	584	171
1423	1050	2789	499
2890	2161	455	146
1780	914	988	26
3504	3318	377	8
53	352	660	407
2750	2482	1470	609
2188	180	2345	160
2490	1116	481	146
901	805	1350	257
1066	1628	710	411
2876	1062	1111	35
2345	856	2709	605
2436	16	1958	338
2689	1155	505	146
1477	1247	178	5
2718	1685	2555	1135
2842	1471	2718	874
979	322	1820	145
2648	154	509	146
2351	3166	3605	165
2786	13	1874	283
328	2300	507	60
2246	1209	1086	35
148	1418	2428	127
2184	131	1342	193
3338	503	552	60
2345	3001	1351	147
2532	933	518	400
384	3044	2358	1626
2163	1119	757	262
881	2772	3257	113
577	305	673	35
2085	1530	1430	1427
1331	825	493	146
2942	1499	30	1
2730	1319	835	49
1748	1737	2982	618
150	3518	1617	147
1258	1246	879	102
1952	14	646	186
2099	508	2283	102
697	2855	95	4
1044	1431	1457	127
3026	1175	2030	18
561	2771	2627	983
1526	3459	39	2
1799	3120	691	35
292	1091	256	7
2868	807	1337	216
2983	1576	3264	676
643	628	3224	503
3627	972	2946	875
195	181	1491	196
3112	1246	455	146
1845	1332	675	177
1170	3030	3097	521
3235	7	404	88
419	540	2434	141
503	95	2300	97
2888	2452	1531	45
563	2967	1711	283
2702	1328	1275	19
2096	2053	1175	38
2095	1217	2365	1536
3028	1113	3167	103
2602	503	1803	225
1585	2307	1790	158
2961	931	1544	74
3065	1114	3168	107
2600	2625	270	7
310	355	2141	533
3087	1253	978	36
165	1403	988	26
3155	2360	1008	83
3375	608	1839	73
695	3148	2400	2231
897	732	2395	105
1374	1845	796	338
2566	1938	1917	828
1663	169	1059	121
809	179	1399	778
3106	19	3078	1133
2602	307	1118	35
581	1368	499	146
3022	1141	3123	578
3586	1700	257	7
2089	688	2678	315
2222	621	2743	386
248	1635	896	316
963	1745	2266	20
1421	449	1690	425
57	413	1049	773
2598	2250	505	146
1642	2429	2158	538
2412	2044	1710	112
1495	1037	516	36
2408	1752	760	45
2485	2464	248	7
306	238	545	60
370	753	2243	1494
1933	1129	1905	33
1441	1375	1474	109
2269	631	925	617
93	3046	863	449
1075	1066	2458	920
2008	1709	3345	128
2791	1261	2397	606
2391	215	759	127
2920	502	1164	658
422	2455	3101	689
2594	1587	1166	161
3640	257	2024	301
3471	621	2722	17
1089	1530	2004	37
1803	2329	945	154
2351	3347	3384	645
358	1539	2063	1107
2427	726	883	16
2205	442	2373	225
3411	659	2912	84
2877	744	2283	102
3579	206	1853	1642
2062	1140	2261	18
3355	216	1549	50
1853	272	146	4
1683	282	1890	579
654	2334	754	330
152	2095	2272	837
990	2612	505	146
44	1099	1381	196
2765	2711	3556	2539
1169	1149	2760	115
604	958	2468	204
259	738	1844	96
2135	677	1881	373
884	1683	1469	18
3076	614	2122	972
2703	944	557	56
481	82	172	4
2044	543	547	35
3084	449	2623	443
420	3175	2550	1937
697	686	1475	16
3188	667	390	8
1017	338	133	4
3550	1793	2132	87
227	513	349	7
87	690	599	35
3311	99	390	8
1635	529	608	16
747	1302	1870	228
606	3560	1953	13
292	152	632	152
2428	437	174	5
1759	3148	2567	43
2924	444	2777	152
276	355	3400	1371
104	3238	1070	177
275	2605	1089	27
3615	1060	1690	425
2128	1246	2108	225
1396	2409	3429	2712
1876	126	2429	204
2210	2367	2111	225
3015	2724	254	7
549	15	3123	578
3533	1225	783	748
2334	2984	328	7
2361	1514	2077	49
1065	592	1913	33
3435	296	3261	1081
1373	253	2723	17
1512	1514	1927	17
3512	1117	139	4
3355	2345	3471	652
2046	389	2184	352
198	1157	724	41
2704	134	1540	74
857	2482	2800	152
2648	7	2019	310
2750	727	2625	1126
1578	2916	2620	238
1667	1180	114	4
1210	2806	719	77
89	679	1768	41
2601	1788	1654	101
204	313	2045	787
2030	335	1121	35
2624	2775	103	4
611	1635	2583	692
2907	1139	1679	249
1177	1755	2081	49
1731	1738	332	7
2531	2677	275	7
1709	368	2542	45
1637	3504	1244	121
2132	37	2315	189
2868	2871	1913	33
3380	3055	1232	145
2870	2635	2090	835
3301	1129	257	7
2774	2401	366	8
1038	2653	2068	1214
2553	3453	263	7
2326	2317	2712	2654
2676	2437	1575	424
502	3133	581	35
1329	1307	2620	238
196	3312	892	192
3354	3608	1142	35
891	203	3102	25
359	140	2473	204
823	121	861	147
2602	923	475	35
3081	496	1684	33
781	161	565	204
2553	2555	802	68
3623	2302	1923	152
3631	931	193	5
2888	3262	2556	17
2672	493	1019	37
600	1782	1686	425
2821	1304	1480	176
1012	3	2141	533
997	489	575	35
2186	953	108	4
224	144	2079	49
3172	513	3378	789
995	354	858	326
1602	3241	2347	1618
2967	1124	1692	227
1400	1913	1231	188
435	543	637	84
38	3018	1913	33
848	955	2763	394
1798	1717	537	60
307	299	1090	209
2230	87	2797	152
520	1447	1783	33
689	688	1944	294
2169	865	974	30
3438	1147	1067	177
427	2863	1669	120
2528	2816	910	35
3309	2106	1241	116
256	41	943	203
1526	1984	1715	305
626	157	991	736
1315	422	1010	17
2082	2272	631	16
2776	3579	2748	276
704	249	586	205
3118	1033	1385	119
1181	732	1830	1814
515	1359	1650	906
639	1905	2771	386
1840	989	125	4
1057	1504	909	76
2060	2979	663	37
3085	377	3445	166
1887	3141	968	35
2516	318	124	4
1741	1748	1979	622
794	513	3184	276
1453	1803	2967	73
174	2124	3237	892
3366	263	2842	100
2062	189	292	7
1253	748	3123	578
2815	1449	2179	107
557	2525	2505	45
2020	1612	1062	177
1495	1499	2980	618
980	1259	840	206
1140	1113	708	95
3019	415	1352	73
1957	407	2777	152
3293	1814	1049	773
762	3370	1077	35
815	978	1007	83
3146	737	995	19
2456	2795	3383	696
2737	1403	1601	265
477	60	2394	384
3609	910	3153	295
3553	1628	2333	721
2638	268	1525	593
2022	1184	58	4
3226	2438	1824	87
1930	447	3128	1537
3091	2596	3146	616
3584	1989	2923	145
51	21	1295	353
1131	2369	442	60
2918	1944	364	7
1355	3315	1222	20
81	976	2331	260
467	1137	1760	87
3215	1597	749	61
1152	3036	1250	41
3182	7	1015	74
1859	1873	1061	35
1488	321	833	38
3157	1385	3122	1535
2777	951	1796	158
1960	1706	167	4
2221	3342	286	7
1386	127	1790	158
1449	3203	103	4
1574	811	607	85
3271	2323	2504	15
1385	813	1529	133
1301	2644	958	141
3347	2065	2706	1313
2753	3176	752	61
1919	1876	734	419
612	249	647	407
2631	158	1266	244
969	594	2602	238
2068	987	2661	338
2074	3043	1633	135
3421	169	2575	906
1395	826	453	399
1612	2983	805	83
181	1188	1842	129
2087	2094	1699	425
1796	1356	1149	35
2473	713	1502	144
880	1540	1707	427
355	2549	2330	260
2152	1032	2774	827
2612	1989	875	83
295	1391	3447	924
2245	2478	771	260
1915	331	1043	58
3400	188	1217	121
2982	2985	1123	35
3586	386	691	35
873	3168	1514	234
3049	3068	1246	19
3556	152	2341	165
462	1443	2083	49
2671	35	708	95
813	801	1310	222
773	2119	651	84
2842	573	491	146
2387	836	118	4
3517	1366	1098	35
2764	214	1180	63
3457	810	2488	201
3305	1750	1684	33
2263	1238	3027	575
2337	2599	2699	73
1929	1051	412	99
1847	70	388	8
411	1226	2427	43
1036	138	1054	57
2991	121	1054	57
484	1138	1549	50
1559	1001	825	595
1243	334	1037	38
3607	60	1791	158
1145	374	973	583
2019	2163	1069	177
2426	2	3467	709
21	1960	3072	248
372	1777	1893	276
2680	1880	1363	1354
981	1870	944	20
341	3462	2717	2715
1000	1987	1699	425
2173	646	1503	20
3138	1883	3190	641
1477	301	2697	2267
2541	334	206	6
2688	1322	101	4
743	918	1365	109
1144	217	2059	238
1342	632	592	14
199	223	1772	272
3419	15	342	7
2083	51	807	118
3337	654	2047	580
994	2207	2408	135
3150	178	1988	133
1778	701	2678	315
3407	1126	1722	432
142	133	1568	101
2823	1088	955	204
1025	607	3294	589
1676	1666	1492	207
1169	1403	461	121
3445	129	2756	289
3191	642	1239	69
632	1827	165	4
3324	2780	642	192
759	306	1092	457
2170	535	996	31
2078	1398	1587	19
1617	2012	996	31
721	3005	1073	177
1863	2668	1272	161
953	1873	1313	104
1888	2153	328	7
3267	2421	325	7
2082	1306	1612	174
3364	205	1260	121
1436	759	1447	23
3443	1209	2009	37
467	3247	476	33
179	27	2766	235
146	2137	2580	545
1461	908	675	177
151	83	1981	154
2427	76	1098	35
1364	1362	748	70
2453	93	2919	1183
765	764	175	5
1891	1088	609	26
344	643	1702	14
913	608	925	617
479	2858	2002	36
3341	530	1692	227
2468	1619	365	7
2101	693	1010	17
3484	532	1222	20
1707	290	1111	35
3325	1924	2313	189
24	914	2766	235
1582	147	657	35
1107	1176	557	56
2507	3277	3438	961
734	2652	3208	1557
745	3163	2818	144
400	2961	3047	160
2626	1678	1146	35
2115	704	1567	458
16	3082	111	4
1316	3571	3200	613
1735	371	102	4
2072	2074	1098	35
2201	2539	445	116
1955	272	2011	516
2428	2949	3400	1371
1175	138	1081	35
2174	235	1691	342
3162	1641	1854	106
1690	1587	2111	225
1528	1143	520	76
2130	1697	494	60
940	2594	2418	523
3301	1242	431	37
2338	607	613	85
2964	477	623	13
1609	1796	260	7
3251	1128	407	26
1680	57	675	177
3319	3398	3504	357
915	488	2347	1618
2555	541	219	7
613	727	364	7
281	253	2672	231
3531	1781	1913	33
276	1238	993	41
2770	638	1515	100
3163	1481	3197	969
819	1227	925	617
2307	1181	2970	828
2615	492	565	204
2187	255	1107	33
2536	170	981	98
2424	3199	2278	675
2404	613	3608	892
1345	401	1937	48
187	734	2392	386
1055	2669	646	186
2096	786	1378	238
2797	2272	522	97
172	2650	1863	257
1493	104	872	35
3159	106	280	7
1926	1391	1825	226
2043	827	856	204
109	609	609	26
3112	335	1024	540
2186	1041	1435	88
1851	134	2313	189
513	124	3120	709
2145	558	1193	462
1804	1810	2155	306
541	2971	1956	663
2495	2309	1283	1003
3449	582	2746	294
788	711	1763	451
487	654	1631	147
3499	320	22	1
3128	1587	2893	1615
2137	358	1719	430
3259	608	1689	425
1072	122	1444	532
1173	3047	1938	204
1685	1187	2293	598
1875	1581	2931	1311
3167	94	1255	121
1601	612	473	30
67	488	2179	107
529	524	366	8
871	1175	3197	969
698	2954	1092	457
465	2808	2407	135
1001	2800	3	1
1114	3484	2833	16
3418	3420	2352	666
2807	2066	188	5
2749	193	660	407
1366	2364	814	68
2902	2282	653	407
1495	1460	925	617
1530	3545	2672	231
1217	3486	1606	33
71	3463	819	18
1406	1276	985	91
1590	1636	316	7
71	2186	1056	121
1207	1214	2544	1002
2031	2710	1991	111
424	146	399	60
1678	387	370	8
3113	234	1613	47
2700	1604	399	60
3375	207	1226	101
3288	58	222	7
2790	2707	1956	663
3068	727	153	4
2632	530	1315	1033
1112	25	742	177
714	686	9	1
308	1253	1810	467
3275	1469	773	37
1571	719	1438	79
284	2544	3248	1968
1082	1704	345	7
531	3341	360	7
2228	2827	677	36
2576	2536	493	146
3222	2437	3260	312
3085	305	2314	189
3200	92	1494	23
2391	2203	344	7
3187	1377	592	14
3101	411	1641	675
1190	2747	1216	305
1605	2262	837	33
1014	101	1258	121
1323	395	1162	329
1261	3360	1156	77
3230	22	2871	238
3457	36	1004	45
348	18	917	196
2650	1394	163	4
2186	186	2676	315
619	634	3430	1135
1936	2660	2897	440
2241	1494	2967	73
669	622	1713	18
1195	1341	2521	640
768	2064	1222	20
3020	467	848	38
3527	966	1755	193
955	2017	2229	16
1352	3124	3430	1135
839	105	3076	112
3565	3564	1279	73
713	547	991	736
33	1454	120	4
2004	1295	1464	609
2350	3	672	408
2095	626	1545	74
1955	1031	760	45
1570	1232	433	135
1552	980	330	7
2370	381	2637	99
709	32	795	533
3211	3135	629	57
1010	950	1287	353
21	1192	478	146
1266	1492	684	91
1073	1771	1535	397
2035	1762	190	5
2808	27	522	97
678	1168	3190	641
693	3027	2556	17
2412	144	649	204
2827	20	2966	73
2923	578	3075	112
3148	3147	1213	169
3216	196	573	41
2128	993	2293	598
2112	909	869	583
1026	1613	3037	157
1668	1696	2093	695
1882	382	1349	228
1355	332	196	5
2259	14	2997	633
2157	407	1177	201
732	426	1612	174
3628	425	171	4
3460	324	2746	294
436	384	871	121
786	1235	909	76
535	1409	1435	88
883	222	777	71
3539	1748	1330	427
2180	1915	1332	231
2898	2265	331	7
743	316	3101	689
1316	223	2819	104
2668	93	1915	235
3393	734	769	135
3109	492	1818	145
2593	980	2789	499
1665	632	2122	972
541	2146	1064	35
990	664	49	2
2775	2774	1098	35
662	1962	2475	144
241	334	20	1
2014	258	720	107
355	1156	123	4
1105	83	991	736
3260	1023	2287	837
2470	1081	1966	105
1673	2026	1356	17
1296	27	2290	189
2341	3605	1405	17
3039	316	128	4
2402	570	1888	306
53	37	814	68
1677	23	375	8
2077	3268	553	60
2730	1209	630	26
1480	1575	345	7
1814	1768	1545	74
627	852	2881	583
875	861	1947	909
184	1483	1134	35
1230	1231	2457	316
2566	1959	2164	350
2445	1370	1996	32
998	3118	2216	102
2270	1481	3055	144
1193	1188	3328	151
2472	521	1033	35
40	2111	1042	38
3262	591	3115	1135
2794	2361	1054	57
3264	1638	2036	862
2147	548	34	2
3191	2491	91	4
579	984	3196	969
2006	2007	2896	1311
1375	2364	1694	425
1920	2505	1592	458
3423	2558	2301	29
1827	1679	2164	350
114	2208	1972	640
474	170	717	411
3607	431	2651	144
2470	959	1295	353
1987	1260	220	7
1457	204	904	111
3229	204	232	7
1632	701	3041	26
1348	2841	2408	135
925	954	411	18
2977	2982	668	20
1256	203	1802	444
1815	1349	1981	154
1160	2050	2361	230
2087	2358	2157	306
3052	3537	435	35
2467	1378	1249	121
1991	698	749	61
3304	2813	1552	74
1556	1788	1012	996
2674	651	506	146
1678	1260	2649	1394
2149	1987	3260	312
1005	196	2627	983
1569	2022	751	254
1926	7	1157	469
2097	1563	779	29
3210	776	20	1
1080	355	2780	1820
4	2650	1417	63
3264	968	435	35
3315	2889	918	519
1813	276	436	60
782	3538	1451	92
690	2979	182	5
1060	1196	2403	254
63	1202	1268	90
3219	282	1844	96
556	454	321	7
3549	845	3032	273
824	199	1129	35
948	311	3439	961
2494	532	3383	696
1545	3215	1078	35
1181	332	2062	1214
914	1727	3093	975
225	282	627	332
3306	3302	1787	59
443	2488	3120	709
2251	154	938	41
526	146	3259	976
3629	1101	2907	316
809	2986	245	7
1085	601	795	533
1392	1343	260	7
1363	1000	2441	1118
3079	2251	2891	2532
2148	1304	1350	257
836	825	1939	386
330	3133	1820	145
1099	113	2203	16
2032	199	453	399
1951	1954	2185	352
2765	1715	2547	48
1852	883	1008	83
1495	233	308	7
1843	122	2348	53
3407	1723	1191	41
3202	15	392	8
3211	1779	872	35
3558	3149	863	449
3508	73	1485	43
1816	826	1488	207
2747	3194	223	7
3491	597	3025	792
3587	204	299	7
2277	1873	177	5
2278	1024	2544	1002
2690	1386	2505	45
2079	2044	1840	772
1142	317	1380	253
2888	694	463	146
864	2096	529	60
1841	449	670	16
1056	579	1528	142
2941	411	2516	351
3014	337	1367	109
2612	758	2498	17
498	528	744	35
2552	1259	202	6
1562	286	2313	189
421	162	2183	352
1361	1388	14	1
880	1766	1844	96
1388	632	188	5
822	1678	674	41
487	127	2368	361
2685	322	3012	241
1438	33	1314	1033
3568	2207	1004	45
3111	2917	3138	447
3339	364	1794	158
2768	353	998	83
3069	132	3316	620
2541	914	680	409
1079	611	3305	397
3532	607	2222	125
2186	234	1485	43
1181	3057	22	1
455	1875	1166	161
3602	3603	843	28
2339	154	1945	1706
473	3371	303	7
2038	1886	282	7
2051	2050	462	20
1520	809	1028	50
528	541	2191	222
402	794	1257	121
794	2002	1219	208
3376	2529	1406	209
1749	413	330	7
2321	1739	70	4
3493	1602	1405	17
2377	2997	1842	129
1707	203	47	2
875	952	2063	1107
434	318	1023	197
708	1269	1563	456
1932	3163	1637	284
1233	2443	768	135
1283	451	460	146
391	2765	790	73
879	2194	780	610
3522	468	651	84
1416	1119	966	283
4	2283	1275	19
549	3136	1153	57
3474	2410	1178	374
3349	1352	3176	329
3124	854	2386	583
1944	539	1941	640
325	1764	935	175
2805	2904	1020	420
2879	446	1151	77
1864	1561	1161	318
2495	1985	962	225
1690	303	1370	100
172	3567	283	7
2964	479	100	4
285	352	2681	273
980	3591	2183	352
45	3043	1028	50
3191	637	1278	123
2243	994	1627	147
3385	1034	1241	116
837	236	1162	329
26	330	1869	228
1723	2431	1844	96
1742	200	565	204
408	542	2603	253
3495	1772	3304	397
1289	768	850	41
3001	3011	2636	228
3482	1253	2700	1633
1687	1681	2081	49
2239	532	26	1
634	239	963	35
746	30	2417	2169
306	2574	2020	497
2668	1332	2281	102
3097	1397	2462	221
2029	1630	1633	135
605	396	1241	116
827	3580	2215	255
2231	109	1754	458
1880	2195	1318	376
2213	7	1818	145
764	2765	3100	689
1019	431	1436	378
1181	903	1606	33
2969	1352	1453	335
2208	186	853	309
674	710	3336	194
3325	260	359	7
1303	939	1494	23
3105	520	645	407
3171	477	1309	354
1934	751	2245	690
2223	2465	966	283
1566	425	3122	1535
1293	2325	533	60
336	3230	289	7
202	1253	762	254
133	301	2298	97
1331	1354	2529	689
3639	2831	347	7
3156	608	2047	580
1641	353	3266	263
154	3490	1249	121
959	3377	2069	21
3470	37	944	20
947	352	288	7
3159	1755	1710	112
580	1207	547	35
2906	3224	510	35
2120	751	1996	32
3187	3189	35	2
1399	1360	2749	100
608	2241	3128	1537
2529	1306	507	60
2306	2308	1107	33
2921	446	1839	73
315	3214	3304	397
516	2473	262	7
3551	340	254	7
1050	843	1648	984
1629	4	1492	207
1346	772	1410	290
294	285	352	7
3527	1647	827	178
316	3366	3122	1535
949	1818	1648	984
708	3094	1130	35
981	1052	3429	2712
1253	856	1307	104
459	3363	2267	20
181	1207	1086	35
2494	759	2627	983
2814	1700	647	407
2631	3036	750	454
3554	787	357	7
3453	3451	2787	386
77	2203	723	41
2616	95	3550	521
2223	2027	26	1
1764	526	33	2
2841	1159	1370	100
2711	1859	32	2
892	9	455	146
1821	3606	1813	132
670	30	724	41
2591	1102	3611	1034
3507	2800	1337	216
3346	3344	1202	295
575	657	1758	14
1672	1666	442	60
58	3489	1136	35
2051	2712	211	6
3136	1582	1312	14
197	1457	1646	984
809	1403	1404	314
1844	20	3235	323
2447	585	1030	431
411	406	1089	27
2243	2920	1005	38
1468	1518	1768	41
41	2366	2271	771
1698	376	1625	147
467	2694	888	881
2987	1349	3447	924
2826	2424	461	121
868	2509	1020	420
2558	210	2032	101
577	366	2230	668
717	679	2002	36
93	3345	246	7
3555	933	357	7
2401	1948	2115	181
2194	2115	1519	24
1154	143	3511	1129
1797	178	983	98
878	3226	1660	906
2884	3557	1128	35
2162	3428	1431	88
1126	1504	762	254
1855	309	1792	158
2099	2824	2894	791
2505	41	534	60
3179	273	1852	1135
787	272	137	4
1699	1692	1660	906
3514	1589	383	8
611	2067	270	7
2677	3451	238	7
1866	1051	1887	154
2631	411	813	68
1063	1984	1417	63
2672	2573	508	49
3360	500	1882	259
3195	3197	1229	101
3417	2471	2787	386
755	21	1017	39
1076	393	956	732
1885	3012	1062	177
2321	28	954	18
1235	144	2594	547
396	1163	3008	633
985	82	2926	73
322	887	2494	633
1154	492	267	7
1836	832	1399	778
2284	2283	588	74
1736	462	143	4
861	1185	1708	16
1471	172	1004	45
1558	532	305	7
1263	86	2522	674
2058	659	2769	961
2118	516	125	4
2138	262	2012	141
1305	133	935	175
1182	14	1411	73
1775	810	1459	338
3239	2208	1158	931
360	3062	3059	126
697	1947	367	8
1478	2343	349	7
911	217	1300	353
279	988	1800	464
310	1023	3119	107
3237	1004	2427	43
996	2602	956	732
227	3525	1677	161
1929	332	2439	14
1357	3318	1887	154
697	74	2884	614
264	1175	1657	223
536	1290	2051	532
1602	689	1622	147
1430	1305	1062	177
1900	2221	1772	272
158	617	348	7
1231	3073	3136	706
2523	614	136	4
1422	1222	728	126
2167	969	2445	1536
401	3196	1802	444
1092	1020	967	161
2440	1061	2459	1290
891	890	240	7
109	1142	1573	147
266	958	2991	948
3109	1185	51	2
1290	1185	3509	1799
3498	165	606	35
558	3147	176	5
3096	2090	328	7
3411	693	446	60
2867	852	1566	537
1359	1400	2812	24
1393	199	335	7
808	600	724	41
688	2096	2788	757
131	1006	1976	622
2695	879	3174	252
1772	2115	1606	33
2634	3365	1086	35
2386	1722	168	4
2250	2026	903	82
1343	3281	2047	580
1847	95	2743	386
427	1380	1131	35
2808	480	1923	152
284	308	173	4
2477	1994	1386	469
1580	648	527	219
988	3191	1103	35
1405	140	385	8
1163	3230	1805	467
2878	1760	217	7
1186	3231	3403	329
491	293	2077	49
2078	329	458	146
3628	2341	1010	17
3168	91	283	7
740	3071	2621	980
1607	282	1290	18
2464	1779	287	7
1847	574	3014	96
1361	1394	599	35
3517	1423	129	4
2263	275	2108	225
2946	3198	964	207
1641	1635	2397	606
1220	2021	2177	260
2299	313	65	4
1905	2669	1961	663
655	2899	1344	303
126	362	3326	386
3530	1403	1918	99
3242	694	1052	35
313	403	2301	29
340	1280	2900	87
496	458	1357	537
3549	748	2167	352
945	82	2273	135
710	1468	2031	144
503	566	1023	197
2736	1010	2110	72
1339	809	210	6
2374	600	2455	832
2618	95	508	49
2182	399	200	5
2775	1349	1530	328
250	3563	1473	109
598	585	2091	360
3150	5	279	7
1795	587	2314	189
3497	1066	361	7
1025	1043	814	68
926	171	2278	675
1188	673	1334	96
2231	611	724	41
3526	2158	421	35
73	1920	1733	458
1735	1737	2629	1219
335	223	1699	425
1752	2084	1417	63
682	775	1266	244
2730	102	2143	196
1890	727	3289	991
38	3489	601	205
1658	3330	332	7
344	532	2914	111
1924	63	1958	338
1972	239	1195	19
3225	2114	368	8
819	2136	2208	196
894	210	698	18
633	3209	2779	827
213	211	623	13
3527	2463	3059	126
309	733	694	132
509	3103	1418	16
171	73	2365	1536
1277	1280	990	609
1023	3491	608	16
2271	1457	273	7
1128	1404	2548	722
399	731	2279	1213
832	2104	1158	931
911	2270	1483	207
1709	1927	588	74
1305	19	1827	699
1818	373	1539	74
2433	244	111	4
3182	1060	3076	112
1847	1954	1618	41
2723	787	1388	152
304	354	574	35
3248	1290	223	7
944	509	894	435
2583	771	1790	158
3184	543	1006	83
64	1406	1868	228
2077	834	286	7
69	2107	869	583
1848	531	1975	144
340	2591	1568	101
3128	1587	2459	1290
2756	1881	2295	222
3477	514	1172	63
996	2474	1150	77
1870	1861	2767	235
1257	1245	1850	1848
2140	73	829	342
2848	27	245	7
3050	203	3611	1034
2843	2427	2421	175
659	470	1348	228
11	2658	2980	618
3634	3151	602	35
346	297	2467	204
484	2284	1868	228
257	2837	1588	37
1270	1891	443	60
1756	1768	2420	175
1260	3201	2767	235
2901	340	423	18
2210	232	1886	21
2288	189	1807	13
1394	65	2261	18
2134	2135	936	203
3031	1835	2708	525
1864	1861	1168	253
1909	1401	294	7
3138	662	1980	106
3592	537	2914	111
843	1255	1783	33
815	1052	1603	265
1805	2060	581	35
3606	525	716	411
1193	2238	1498	599
552	1161	3089	436
3018	401	1399	778
2579	1194	738	35
2009	2956	2933	392
2081	3139	1397	210
22	2644	418	99
468	397	1572	1519
479	1548	2287	837
666	1356	3260	312
2318	1982	1168	253
729	1356	2123	92
914	1678	199	5
2930	606	1383	469
421	1065	3036	1222
1143	994	1269	82
2707	1448	572	74
1228	1227	1562	133
1513	2763	710	411
1101	307	315	7
3167	232	1069	177
1418	1544	597	205
2445	2476	1083	35
133	351	649	204
1841	822	1232	145
2533	1531	3188	1996
1965	276	881	82
1016	326	902	366
444	471	1172	63
284	3314	1822	145
72	3226	1430	1427
1242	659	575	35
2160	505	581	35
582	588	996	31
958	1307	729	225
1322	3067	94	4
403	211	1314	1033
1165	420	1462	21
2901	811	1692	227
2235	2236	451	146
1147	1039	2447	16
1969	74	1416	63
2220	2917	2941	273
555	545	2472	204
680	1401	2475	144
2815	753	1902	1177
2348	1670	2027	519
1755	1746	438	60
998	3356	263	7
998	1003	281	7
1576	7	3221	944
1585	1799	1616	147
1581	93	2271	771
181	1068	1934	490
3310	188	137	4
1902	2432	432	60
1787	2883	1377	263
161	495	1143	15
2969	7	5	1
973	617	1983	579
60	2333	1928	592
320	60	2032	101
2165	484	1782	49
2645	462	672	408
3051	2995	1709	37
2951	1820	1412	41
820	818	2867	238
1375	1108	1091	133
3130	578	2625	1126
2832	1354	2527	574
504	3128	2941	273
1362	1583	490	35
2152	529	1849	1848
1217	744	1669	120
2164	447	645	407
920	1260	889	561
2567	644	1007	83
3620	2404	2730	107
647	162	406	99
1462	786	1555	74
3082	2503	3326	386
1147	1748	2526	105
500	101	396	9
2118	972	313	7
3401	2068	967	161
2065	1630	2756	289
1358	3094	1642	984
3632	2007	451	146
2774	1788	1009	35
1055	443	2516	351
1887	2189	1398	210
883	3051	1065	35
1123	988	2690	296
3353	2635	2172	17
1634	1535	2017	240
2999	1618	660	407
3398	305	361	7
3263	794	517	269
2154	2036	901	366
873	410	626	88
1709	2784	331	7
2199	861	3122	1535
1203	3611	542	60
3583	403	1678	16
2569	2437	692	18
810	1377	1106	35
766	1345	1328	135
8	2944	2765	235
1099	260	1513	420
1744	366	2818	144
2285	616	335	7
846	1822	461	121
3191	2924	3008	633
2577	1711	1974	380
1030	1854	2784	700
2537	1986	2882	1596
2662	2820	2247	104
1019	2874	925	617
3141	1461	848	38
1431	22	2717	2715
2045	1436	1656	238
1827	2942	2127	1011
615	146	3511	1129
2857	407	2769	961
1537	588	1016	353
1669	4	1928	592
1143	83	1743	56
440	413	3060	144
990	109	1708	16
5	551	307	7
1914	1081	113	4
324	365	764	23
2018	3276	70	4
511	3577	308	7
2545	2312	1473	109
1459	1918	2225	17
1779	2647	250	7
1824	298	1925	830
3453	2473	2061	1708
3203	93	12	1
306	3301	3303	397
993	256	851	67
651	86	1695	425
1486	1424	551	60
1032	1836	139	4
578	1712	659	97
82	2884	392	8
2679	304	234	7
626	1143	1565	33
999	294	2782	328
1523	928	1382	145
2301	3032	238	7
2830	1043	2295	222
2671	2841	2978	618
2320	790	389	8
754	1576	1507	599
2484	2189	321	7
2833	290	1337	216
2465	2899	909	76
1397	3139	573	41
1732	1770	2686	244
2849	2786	1464	609
2401	2231	3261	1081
1913	2800	883	16
3382	2202	8	1
1002	1827	357	7
596	1442	433	135
328	1651	1600	265
2845	640	1319	376
1004	19	2376	1666
1244	741	174	5
3207	196	3244	910
311	19	287	7
2729	2172	363	7
506	454	1320	376
3637	1447	2254	18
791	725	2186	182
3005	919	1929	473
176	591	449	19
107	691	1611	174
3382	1183	122	4
2226	2270	2699	73
1771	474	1112	35
674	3636	2953	105
601	2172	2729	17
3547	144	1619	37
624	1398	505	146
875	843	1042	38
2998	464	2263	18
1895	1893	1801	118
2709	732	586	205
12	15	2049	179
542	176	1117	35
915	923	2816	981
1207	3369	36	2
3053	588	269	7
485	458	2065	189
3304	632	762	254
2981	1366	1724	432
1299	431	1768	41
3527	514	1309	354
3413	789	1444	532
829	104	2384	689
3152	663	1522	32
1681	1692	2088	508
1021	2067	245	7
3160	530	3072	248
1584	1299	2314	189
789	211	862	440
2679	1766	346	7
2670	171	19	1
2242	906	467	20
1440	2302	1551	14
2307	1910	1790	158
279	1132	2355	1545
2907	204	3036	1222
3580	1330	309	7
2964	1086	392	8
359	214	1014	73
191	798	2050	257
2449	565	1935	1182
1942	2856	1164	658
1142	2424	2229	16
3457	265	2100	255
2816	3282	3447	924
3256	742	187	5
1341	1814	286	7
1387	1384	143	4
3405	3276	557	56
2579	3489	1824	87
3249	2570	2061	1708
2824	3104	1	2
3469	986	992	83
1300	1034	1862	228
1300	396	2551	837
988	807	1852	1135
1794	4	431	37
784	781	690	231
3351	2919	2090	835
1833	1535	2216	102
890	468	203	6
2014	350	622	132
2935	872	668	20
1866	685	1481	18
2761	225	1160	102
1849	962	372	8
3534	207	905	17
168	164	1337	216
304	1330	3194	293
2802	1657	2419	175
2040	449	1415	63
329	256	806	101
1006	63	2046	17
3553	545	2077	49
169	2046	1785	461
3227	159	2969	73
3147	3149	178	5
2012	196	903	82
3217	1581	2842	100
3534	400	135	4
1879	2787	1301	16
2871	511	919	18
295	273	1184	91
3186	1982	3358	601
1367	2368	1329	41
1231	262	1448	427
936	380	1796	158
278	1086	607	85
3048	164	2383	160
405	3146	388	8
1606	1301	45	2
2155	2172	439	60
3540	2767	113	4
2125	2123	1322	97
1009	2284	716	411
900	76	347	7
1116	1633	1443	16
62	97	3177	329
638	622	3440	961
526	544	1159	120
963	1197	2447	16
3110	1490	1455	608
1811	1813	2527	574
606	594	1224	101
1022	654	224	7
2445	1554	1635	33
3580	1068	11	1
1994	3521	576	35
1389	2412	1641	675
2048	1983	845	36
1192	1873	2681	273
1960	1705	1152	77
3335	129	2569	906
2235	2240	125	4
478	1885	2038	289
253	364	827	178
321	3020	2287	837
1136	307	1191	41
1252	510	49	2
46	27	237	7
120	734	9	1
769	647	2722	17
2943	2060	600	121
667	3615	2001	33
1137	1549	1677	161
139	3376	90	4
2235	532	2979	618
2305	1495	1862	228
5	491	915	564
2194	22	2048	43
2302	132	2558	490
12	1881	2757	21
3141	1170	155	4
1468	695	1451	92
3245	1815	1375	253
2912	134	1625	147
2024	1257	1941	640
2604	1966	3053	616
1131	2513	2928	1112
1287	512	2620	238
1416	113	1812	132
502	35	3138	447
2872	2057	3320	3317
121	2598	2376	1666
2622	454	2153	306
631	2164	3194	293
2432	1902	527	219
3074	2327	1391	145
3189	196	1033	35
1042	263	2904	295
1036	1411	1617	147
117	2212	3083	2351
925	331	3020	723
633	211	704	341
1913	1814	2584	1441
2194	32	2147	178
751	1617	1362	109
1981	4	441	146
591	773	904	111
2885	803	1563	456
1056	2485	1030	431
2384	275	776	35
621	2907	1498	599
1960	1930	1686	425
2189	457	551	60
537	31	1789	95
903	543	2181	291
2920	1607	2511	760
280	1740	2386	583
1187	1192	2263	18
1406	622	2534	133
1025	531	2603	253
3504	3592	2963	73
31	60	2949	105
1975	540	1134	35
2087	3268	1436	378
8	1018	1622	147
1440	1445	708	95
1006	2452	951	152
666	1957	152	4
1545	707	448	26
161	119	406	99
2222	8	332	7
65	2496	1578	16
1123	1103	2597	1213
200	211	842	35
1337	435	227	7
36	1308	1413	152
2383	358	1094	150
3290	67	2421	175
3010	2771	2389	204
1588	211	2090	835
617	1145	1654	101
207	3569	2001	33
2606	324	3	1
819	2607	1481	18
2503	1276	1214	105
1948	1762	995	19
1234	1584	573	41
434	2572	1722	432
183	3218	307	7
3467	1569	2612	2279
211	2575	1882	259
1378	633	1773	28
3098	108	486	146
2627	2628	684	91
1356	3289	2283	102
4	2752	2295	222
3019	3417	964	207
3041	148	2867	238
193	1277	1788	95
2195	1965	3260	312
1361	434	1153	57
860	239	836	449
605	2278	2741	111
665	2572	352	7
1791	781	158	4
154	473	810	274
499	1242	510	35
514	4	1801	118
3149	290	1363	1354
3412	2119	2176	19
3472	374	2359	895
222	1898	2867	238
1332	1331	283	7
3454	856	2007	37
1333	2959	1633	135
387	1323	3224	503
3435	210	2282	102
3638	864	551	60
1238	1646	2374	72
948	500	2692	160
2583	1370	2345	160
959	1494	630	26
3257	154	3083	2351
1040	954	725	105
1973	188	774	165
733	106	350	7
2725	1304	2708	525
1899	617	766	665
2834	1186	1350	257
145	1222	2334	518
2759	684	732	15
1749	1757	1491	196
2736	2445	1654	101
1788	987	2871	238
317	259	2199	73
2288	2316	3086	292
3203	317	2389	204
2170	43	1276	674
1202	189	3288	1073
2780	1379	270	7
3148	1816	481	146
2833	2818	743	98
1528	1385	664	407
79	1517	2313	189
807	2606	1112	35
1741	1533	1611	174
553	709	2237	906
2758	2928	2183	352
3206	616	1691	342
499	288	836	449
1596	3468	361	7
1220	543	1452	608
3470	723	1914	1911
2741	2943	487	146
285	984	2584	1441
1079	673	3326	386
3578	744	596	205
3008	806	1487	207
3046	322	295	7
1194	3591	1290	18
57	906	259	7
608	977	340	7
3456	848	2052	123
247	131	1036	58
2726	2795	939	24
2877	177	752	61
3235	654	3073	248
3475	305	1241	116
2616	285	1327	376
3572	2256	2082	593
816	65	519	20
356	1266	1483	207
395	2179	2871	238
2090	2914	2001	33
2984	89	2221	125
1957	1105	197	5
516	1483	14	1
1816	178	2101	675
1073	1019	1101	35
647	633	456	101
1119	173	865	45
2941	2842	585	160
2868	35	3041	26
1063	1989	988	26
2868	229	1679	249
2225	2133	1985	41
1471	1	1666	152
2171	2176	421	35
1413	3439	2871	238
2474	834	1209	41
2004	994	1108	35
2417	489	3102	25
320	532	159	4
3175	330	2430	141
1421	143	2602	238
2818	1552	3605	165
3484	1051	3055	144
268	936	1648	984
519	168	828	95
816	580	247	7
2461	624	2621	980
3351	2184	828	95
2527	960	1998	33
2410	400	1860	228
862	1889	373	8
1025	1448	2696	1166
507	1077	692	18
362	2128	1856	34
1979	2522	605	63
1006	805	358	7
1206	3232	3020	723
26	1423	2713	2655
2489	913	761	16
1672	771	2459	1290
1187	503	278	7
586	1464	2979	618
1756	1952	2991	948
2964	1411	1453	335
2846	269	918	519
3063	2891	2383	160
2390	1894	1218	33
899	346	1973	787
3107	1247	274	7
1678	1429	410	18
1594	1592	898	20
1624	1050	2677	315
3598	1699	307	7
2887	962	2161	19
3374	3576	1347	179
812	1857	1603	265
715	1074	2053	311
2338	2178	2951	105
2426	1964	3289	991
2993	157	320	7
3361	2755	905	17
332	1871	124	4
68	6	2596	1213
375	790	2181	291
1825	3119	249	7
1112	1409	1165	931
3026	2677	2584	1441
271	215	3504	357
1510	133	692	18
1290	342	1275	19
2399	3060	1810	467
3125	2506	1426	684
470	1247	2722	17
2035	962	2560	446
1542	1402	1568	101
3326	672	240	7
676	511	1377	263
1895	30	2797	152
3013	734	146	4
608	1056	1348	228
1773	204	2396	1399
857	1775	3511	1129
542	99	1958	338
2194	467	2284	102
1096	1769	519	20
1943	1302	773	37
714	3354	1173	305
3184	2039	1271	114
1668	707	1274	1003
1848	2351	2547	48
575	571	2496	672
2276	1110	2541	621
1739	1641	3093	975
2299	1262	2970	828
3442	765	1608	174
1324	1482	359	7
48	870	2301	29
3190	2224	2417	2169
974	3241	1391	145
235	2686	2218	51
3466	1801	54	3
1259	787	2586	238
830	1961	82	4
97	2875	1479	176
3004	494	1445	119
2803	1758	1283	1003
2010	2732	276	7
33	633	2396	1399
3119	2282	2304	493
2072	2073	3345	128
2916	818	654	26
853	1367	2710	144
3472	725	1710	112
842	307	1580	53
3438	2073	16	1
1857	3478	599	35
1110	1135	234	7
1065	1097	1809	467
2068	1449	297	7
1762	2676	579	102
3428	2162	1155	77
1537	1420	3352	924
2669	2436	457	58
3263	1835	202	6
2298	657	2927	19
3177	1711	286	7
234	2717	1352	73
2330	1828	1070	177
3194	632	266	7
3368	2118	481	146
345	455	1972	640
1760	1136	662	168
1772	2408	411	18
3380	2708	704	341
478	74	2967	73
1586	196	663	37
948	332	1158	931
278	418	1816	301
150	451	1398	210
3540	1210	2719	874
2707	1883	1499	599
835	1114	1849	1848
1084	960	1967	165
2374	343	1318	376
2701	1890	2417	2169
2957	106	1939	386
1550	1663	2473	204
277	1769	946	203
1450	810	1656	238
648	2541	604	81
2303	146	1359	109
2350	1670	1537	74
208	1310	1292	353
2717	2756	752	61
3248	980	923	152
643	622	1780	49
3409	810	372	8
2685	811	1016	353
270	2821	2453	263
501	383	1354	17
2695	305	275	7
1737	186	2651	144
3286	1374	745	68
155	1964	577	72
3057	2199	1739	458
3334	1028	428	121
1840	1477	2313	189
1609	3417	765	665
1534	1462	738	35
1247	3360	1306	28
852	1514	105	4
3327	1691	769	135
752	237	1760	87
597	294	2926	73
276	2599	2944	828
1949	2475	534	60
2948	465	1195	19
383	1854	1122	35
2095	21	121	4
1757	1733	858	326
2429	3429	2596	1213
1041	1196	1630	80
1993	2229	2777	152
2380	603	779	29
2393	665	1074	35
1102	1080	2435	593
411	1475	1317	376
2110	2179	1815	145
171	2556	2881	583
2617	826	3011	241
2399	60	3511	1129
1167	3513	2603	253
1098	1680	715	231
863	497	1592	458
904	2241	160	4
2148	396	1929	473
1781	198	2923	145
1061	1241	1958	338
2858	134	229	7
3578	144	600	121
2173	2174	176	5
3065	121	2298	97
2996	3619	331	7
3310	1659	1737	458
3516	147	2943	290
2980	2580	274	7
1430	458	434	205
2422	1316	3446	866
1134	3437	1064	35
3269	1612	2169	352
1806	462	118	4
3528	1903	172	4
1432	3075	216	7
451	1158	250	7
225	2453	1912	53
1169	940	255	7
1172	1074	60	4
1225	3040	43	2
585	589	566	18
2313	3116	1755	193
2899	931	2078	49
1335	1330	1298	37
277	1361	1976	622
2864	3130	2953	105
608	1633	1151	77
2214	1136	2416	1162
1928	566	2760	115
55	2236	3403	329
768	1133	1853	1642
2757	2011	1313	104
3107	246	2107	494
1862	3469	1862	228
2899	353	613	85
1236	96	2881	583
1024	1550	2583	692
3527	397	899	18
1069	197	284	7
114	3558	350	7
2619	333	2403	254
1780	723	582	205
2109	2108	2100	255
2823	1302	1017	39
1486	104	1297	353
3154	292	1334	96
2974	532	604	81
1043	233	272	7
2896	829	174	5
154	3044	201	5
3303	3302	1224	101
2615	407	2130	530
2337	1005	1248	41
1417	3130	2161	19
1867	303	1614	14
96	1845	1814	18
4	2552	2539	993
1443	333	1880	145
3466	3463	2360	178
3494	425	895	36
369	115	1640	469
1500	1494	711	49
3503	273	1790	158
1934	3614	403	30
1621	1044	379	8
701	1652	1976	622
1521	2266	1459	338
1549	2895	838	17
2005	431	1665	1392
943	65	1174	353
1715	262	2853	69
3279	593	1481	18
2562	7	2816	981
1368	2226	2058	256
1277	2052	325	7
1896	1893	263	7
3261	1911	1186	16
3211	622	1299	196
528	2855	999	83
1384	660	360	7
2768	1056	3384	645
402	655	845	36
1209	3563	2403	254
1456	333	952	306
2959	968	1763	451
2723	2727	1488	207
2186	360	2313	189
3003	646	1233	91
2224	805	219	7
2378	1803	3115	1135
2315	699	834	121
532	2954	2301	29
2363	530	2418	523
1769	708	820	68
58	709	2490	1177
1460	544	2266	20
2906	1492	2761	92
1237	4	798	211
599	2688	43	2
335	276	672	408
3529	608	3004	490
2098	33	2963	73
1746	2685	1498	599
3244	2022	156	4
1407	1254	204	6
431	908	3106	212
908	473	228	7
2747	262	1321	1002
1448	636	1528	142
2308	352	859	105
2970	231	1548	74
717	2804	1149	35
517	1055	2459	1290
1027	3266	3122	1535
2277	1351	949	901
447	657	2060	20
2325	180	1456	608
275	571	2085	508
1299	3642	403	30
3303	1535	1271	114
3364	489	1788	95
1191	1187	778	17
614	1376	3073	248
1012	2694	2414	866
2932	1153	2848	16
775	1242	1244	121
1277	1714	2458	920
75	962	2515	593
2006	1298	577	72
385	1282	1117	35
771	1626	1877	169
2068	249	434	205
1656	2122	833	38
236	1240	1945	1706
3469	178	564	111
730	74	888	881
2416	931	771	260
2499	2930	249	7
1874	401	720	107
3017	1382	576	35
3494	276	380	8
1584	629	2824	73
16	559	2652	28
514	642	2424	775
1181	1958	1526	318
2156	2162	1174	353
776	676	1336	216
1357	11	261	7
364	649	2856	104
152	3166	3323	312
182	814	27	1
3371	1910	61	4
1421	726	1822	145
1227	1540	920	73
1180	546	1162	329
2679	1242	698	18
81	2642	870	28
2733	1654	263	7
1026	292	696	411
1686	87	3001	269
3276	3271	1471	609
1545	2133	1812	132
2270	1003	62	4
1445	830	1867	228
3423	2015	1758	14
702	3584	1725	204
1355	517	1250	41
1351	2214	324	7
3638	157	1701	425
828	125	63	4
3569	3568	836	449
3535	1772	502	146
807	2760	750	454
1189	216	2277	1551
1416	640	2800	152
3288	503	1140	35
597	3277	1927	17
1529	196	930	203
1689	86	2927	19
2132	256	2118	506
2736	2460	3149	197
2612	1213	2153	306
873	2519	2517	593
2829	2409	536	60
2663	1000	720	107
3187	667	128	4
2926	1481	2547	48
1610	1612	204	6
2524	190	1711	283
2166	1329	671	147
1274	1129	2713	2655
59	544	3608	892
3624	2555	1447	23
728	2178	1049	773
68	727	943	203
2808	2026	1024	540
190	821	2501	45
3534	811	1442	346
1889	176	1874	283
546	1400	789	102
1422	1878	1922	830
1177	594	2692	160
1105	1342	2933	392
2469	196	1597	459
2437	2428	2428	127
1319	968	3211	1104
571	558	2809	823
1392	2686	2141	533
1890	2221	1037	38
2933	1186	1845	129
1741	2049	1820	145
2198	291	1306	28
1918	93	2779	827
3352	1328	995	19
1277	166	134	4
2142	795	2391	16
90	273	160	4
2866	2897	364	7
2152	916	2026	16
1382	215	2296	1035
1885	339	1115	35
3611	3439	3194	293
1660	2159	1816	301
863	1183	1694	425
2169	470	1588	37
2726	2855	152	4
1790	2175	1843	129
400	2056	1910	497
175	507	1824	87
1541	2143	880	215
612	504	1297	353
2199	1867	2101	675
2126	3068	1627	147
1787	1451	1787	59
1629	1020	1630	80
1312	1805	1458	45
452	343	71	4
523	665	1386	469
977	370	391	8
3156	1654	3153	295
86	381	3505	1092
45	898	2894	791
483	735	2625	1126
1391	664	1514	234
2913	719	1724	432
2965	3447	2301	29
1808	552	1088	116
3479	1637	1115	35
175	3430	2652	28
722	1814	521	121
2035	3197	1665	1392
1305	992	802	68
461	169	2254	18
2161	1138	3001	269
899	1834	425	35
904	906	1819	20
3530	1094	2797	152
1772	1698	2284	102
2819	1302	1144	35
3254	1499	1050	35
3622	493	283	7
1142	19	3245	310
145	1987	119	4
1744	2512	776	35
1943	2446	279	7
3402	1529	3072	248
1480	1477	811	37
848	453	2083	49
1796	656	2957	1392
2197	1677	2370	225
3520	2143	1561	228
1646	1845	2500	315
425	1744	287	7
1263	2295	1064	35
1351	1117	1685	425
3441	411	617	72
2512	732	3384	645
2743	3587	1194	462
2014	868	200	5
1562	134	1979	622
3147	92	433	135
1435	1985	1557	372
1164	255	605	63
129	1661	2013	320
3463	2222	409	214
1351	2675	2413	293
2736	579	1571	606
1053	196	895	36
158	1037	496	116
3185	290	1109	35
2390	845	2788	757
2696	82	2364	1015
736	773	1289	37
411	831	1612	174
3630	36	1625	147
2973	2438	93	4
439	509	92	4
2003	2487	2522	674
686	2083	905	17
1682	1178	1217	121
2769	2709	3106	212
141	2214	1031	23
1955	1451	1684	33
2626	850	1168	253
1151	2554	826	182
799	1806	1181	144
2716	1653	2070	186
2148	605	1426	684
2256	2572	493	146
1386	1469	37	2
1751	1070	3185	282
927	233	699	18
2408	1026	2891	2532
3442	1209	2692	160
1217	353	2074	293
667	1513	24	1
1235	59	1457	127
2809	1779	447	33
967	32	2313	189
1879	2967	1860	228
2945	759	825	595
2197	2202	2612	2279
2375	699	3471	652
2704	133	2894	791
3310	1615	885	100
810	204	806	101
1787	2904	183	5
2953	483	3139	273
413	1232	1860	228
650	3515	2740	1489
159	1210	459	37
2023	400	1573	147
848	234	1215	265
1450	63	216	7
1165	388	2047	580
2424	2567	2290	189
2715	1297	352	7
1687	457	1297	353
768	1186	962	225
1263	177	2901	193
450	49	410	18
3547	1932	2573	273
3274	2080	84	4
1298	868	1380	253
3066	1329	1328	135
314	1023	1098	35
954	359	1004	45
756	516	2969	73
3394	3395	151	4
457	754	1455	608
1781	1782	210	6
184	715	236	7
3519	272	893	76
139	2119	15	1
3337	943	1394	179
156	932	1670	666
763	1250	1084	207
1619	1271	744	35
959	971	2259	18
3373	3376	2548	722
1397	2831	3047	160
391	1115	814	68
3439	35	1489	99
35	1094	1135	35
137	679	1218	33
2959	908	659	97
3536	389	1037	38
3144	146	3195	2570
3320	1121	306	7
3270	1780	2746	294
597	186	674	41
2481	437	2318	87
3297	728	1817	373
150	131	714	253
3309	1444	2164	350
2101	1516	706	20
1318	77	2162	541
1261	1844	409	214
2073	293	1366	16
3343	338	1483	207
1012	3137	355	7
1134	687	2083	49
3315	3317	3020	723
1026	3380	2391	16
3037	336	1573	147
3307	687	2931	1311
1497	1500	1598	105
2439	742	586	205
883	2813	2155	306
2571	1934	375	8
1069	3306	1474	109
929	239	1750	17
1341	3534	1626	147
3001	7	1307	104
1139	3603	408	101
729	1733	1715	305
3150	3147	1669	120
1388	2139	979	98
3534	304	894	435
3280	1779	865	45
2656	2130	646	186
527	409	1877	169
2685	1627	970	144
1647	1653	2464	41
526	2071	512	146
620	203	1497	49
600	1148	569	401
596	86	2602	238
1163	55	93	4
1538	20	774	165
1388	206	262	7
1976	41	2653	1677
2575	574	2283	102
2401	566	2032	101
1610	984	2933	392
1504	1385	306	7
1798	1800	369	8
888	17	3004	490
1181	732	684	91
2237	1583	2129	579
2256	2852	954	18
102	1091	2143	196
3622	493	739	35
489	3214	2006	37
2861	810	741	109
68	496	524	37
13	5	2406	135
1922	301	1142	35
3509	709	978	36
749	86	3195	2570
1404	247	992	83
177	2846	2221	125
2912	1460	559	181
2528	218	2298	97
1238	187	89	4
428	426	369	8
200	6	3029	699
446	3361	3167	103
735	858	1944	294
1843	2706	350	7
2887	2140	1139	35
1133	325	1099	35
2139	1895	1416	63
3	2961	1018	121
1634	1301	1602	129
408	205	1972	640
1125	2576	1251	121
962	328	2779	827
714	670	1628	53
2085	2382	187	5
2678	1612	761	16
598	576	1937	48
394	7	1147	35
2732	2738	1819	20
2417	1894	1879	169
13	273	1930	663
2173	1513	500	146
3052	353	1462	21
1932	913	661	237
2947	3436	2208	196
1405	1813	1005	38
2456	709	2912	84
3209	560	2516	351
685	489	1650	906
3402	2069	1783	33
797	595	1007	83
1641	946	2661	338
690	2642	2017	240
2525	2	637	84
660	3140	2417	2169
17	3606	536	60
449	3526	1964	672
3388	589	1495	273
2495	1119	28	1
715	2469	2634	2277
1530	2085	340	7
12	10	3171	370
2317	207	471	18
656	2589	1209	41
1166	38	2696	1166
33	1438	3053	616
1292	7	2558	490
1939	3396	624	26
1762	550	1367	109
2065	952	2781	616
3636	2952	443	60
654	1593	2022	91
1895	1544	2766	235
807	1094	228	7
1409	447	2070	186
1994	2086	1362	109
3362	700	146	4
1764	1890	1409	209
3626	3627	1075	77
3564	3566	327	7
3583	393	778	17
3397	847	1775	459
511	107	1685	425
2402	2010	2315	189
3433	456	147	4
50	1375	296	7
2723	2724	1092	457
3035	835	2541	621
3284	2054	68	4
1051	1533	2029	139
1893	2748	2760	115
3423	3424	1913	33
3292	2202	1178	374
2771	1255	1039	58
3200	609	1749	458
2033	1204	327	7
116	1945	927	36
2626	818	1225	188
2464	170	999	83
2112	728	488	35
1622	478	2053	311
457	137	1034	33
1494	2181	2094	695
3465	1105	1319	376
3355	282	2269	20
5	1948	2316	189
1758	1488	1976	622
2102	2103	179	5
2561	2898	3195	2570
2387	486	148	4
3576	2555	1495	273
2070	1510	779	29
1125	2275	1181	144
2221	1709	3194	293
1619	560	1927	17
3493	1239	1845	129
1335	2275	222	7
655	662	3027	575
684	1037	3101	689
1072	77	926	18
2115	2147	1312	14
1538	191	1678	16
3549	748	1194	462
460	1297	503	145
2005	2198	2534	133
3176	809	161	4
280	2563	471	18
1501	1944	2219	125
1327	2699	101	4
3609	1398	2166	114
691	1861	1267	122
492	755	2027	519
2585	3451	1913	33
2250	109	1195	19
383	2542	1856	34
423	453	415	88
2309	727	138	4
3328	1793	1080	35
2393	672	1113	35
3612	145	844	203
292	3138	8	1
1216	723	842	35
312	333	3008	633
2445	691	344	7
3355	433	2355	1545
255	270	1181	144
2718	1944	2550	1937
1048	2572	1166	161
1370	237	3235	323
428	881	2559	320
3386	3387	2521	640
2432	2234	1446	532
1795	2092	2368	361
2630	1604	330	7
1881	624	2255	18
2726	449	1826	604
2633	326	1390	1046
1342	847	1727	232
797	1052	7	1
239	3388	2254	18
2177	2168	900	98
2734	2220	894	435
1099	604	639	67
1875	2492	75	4
211	1524	105	4
968	594	1889	926
3300	3221	2940	1204
3596	1084	883	16
512	1859	1414	63
1946	1704	1843	129
1490	385	3185	282
875	859	1984	133
1741	1567	407	26
875	2116	335	7
2485	1528	2174	352
1629	2047	224	7
1404	512	1706	131
858	1447	1847	129
2205	1551	219	7
1167	2707	2373	225
961	3321	419	214
1190	3036	2066	19
2946	2786	415	88
1731	1306	2367	718
1995	231	1321	1002
1834	3333	323	7
1103	1463	874	17
3035	1110	638	407
2059	362	2458	920
1939	1697	1746	160
1640	2541	2296	1035
1204	464	2780	1820
1374	3286	2027	519
3119	186	2267	20
2245	69	1704	427
47	51	1227	100
3539	998	2173	46
2223	1582	2807	152
2952	1182	2966	73
2743	1198	1440	608
327	1445	1233	91
922	97	1188	451
2582	76	2944	828
1206	1208	1553	37
1655	132	1456	608
3183	1738	969	732
2200	1096	1943	640
1664	1269	2265	17
917	70	780	610
2263	994	2969	73
338	291	718	147
1864	1711	1602	129
1489	913	2430	141
3410	265	501	33
2426	2429	1341	18
1123	1102	236	7
1721	98	323	7
1263	401	3305	397
2932	519	2356	1545
185	2826	2167	352
2818	1823	236	7
1882	1410	265	7
2681	2231	218	7
3258	607	2841	1046
44	1696	1057	177
3603	3602	1648	984
2274	624	2404	19
244	3286	3134	624
1693	77	904	111
2534	1669	1527	318
2600	2988	2439	14
1548	437	645	407
2397	1402	1031	23
2686	265	375	8
2730	545	825	595
2035	472	1188	451
2175	7	2898	38
942	924	2575	906
3367	2057	2066	19
630	862	2247	104
1737	272	885	100
1321	440	1489	99
2201	3165	1282	46
1410	1747	2198	196
837	1349	1155	77
46	1218	1145	35
704	120	1356	17
3271	1961	274	7
1081	2471	73	4
2492	152	2088	508
2507	3241	1006	83
2061	332	1809	467
2231	2223	248	7
784	1614	225	7
2797	1402	140	4
3478	829	2041	606
94	3455	1334	96
2940	121	2233	312
2345	613	2087	695
2463	687	3025	792
598	123	1493	207
1823	3109	719	77
1382	1816	1750	17
127	1491	670	16
591	924	76	4
2350	2349	127	4
3464	3125	637	84
1764	1744	842	35
2425	333	523	400
3419	1448	726	35
3617	144	1968	564
2696	2265	2017	240
367	2017	1894	107
1787	52	2788	757
3378	818	2439	14
308	2853	2683	284
1437	551	1299	196
429	426	1666	152
114	1381	1485	43
1601	299	2997	633
331	510	2091	360
2333	1031	625	35
3425	917	679	265
523	227	587	16
674	3093	2594	547
1397	2800	224	7
449	1554	1130	35
388	739	1791	158
3485	632	2374	72
1261	732	2952	105
36	1562	1136	35
242	1675	1401	700
2335	204	822	17
2263	1981	2503	674
2409	135	677	36
308	1242	3378	789
3365	1178	3	1
2148	396	2928	1112
773	487	3076	112
604	397	880	215
3590	228	1454	608
810	2997	629	57
2618	1019	427	399
3592	305	2483	41
624	84	682	176
1670	341	1844	96
2024	1705	502	146
541	282	600	121
994	152	1840	772
423	1497	3025	792
421	3513	2086	688
604	384	872	35
3475	829	1209	41
441	491	864	98
902	420	101	4
1835	176	2217	125
3462	910	1284	458
27	2625	3524	325
2465	1627	2259	18
1733	950	7	1
1477	1018	1838	160
2446	1370	1855	346
1883	1586	36	2
2220	470	303	7
3613	395	3131	1145
747	2808	1412	41
3553	2036	863	449
889	2567	74	4
1376	1818	2230	668
1286	382	2842	100
1511	457	1894	107
2317	1651	836	449
335	2883	1727	232
2474	1620	1315	1033
383	586	1809	467
2488	232	617	72
3347	519	1923	152
3349	906	2438	633
932	1196	1562	133
2073	293	871	121
2350	665	1457	127
848	833	1288	316
993	730	3008	633
620	82	270	7
907	462	1431	88
547	1361	82	4
2275	2788	276	7
3371	700	1050	35
1794	455	2214	380
3369	608	1665	1392
934	3160	159	4
390	386	1637	284
1231	740	2550	1937
2840	1513	3403	329
390	299	1780	49
3599	217	3138	447
2435	3502	2477	204
479	691	2368	361
78	435	1519	24
1086	462	2311	666
1596	2543	2957	1392
1273	166	2532	284
638	206	876	447
2308	352	111	4
2270	2961	410	18
3216	3441	1627	147
121	441	1720	128
205	843	79	4
659	316	770	363
2733	2494	2436	165
3211	132	1445	119
277	110	903	82
2390	2670	1856	34
1313	1005	1348	228
247	978	1578	16
1747	1764	989	17
339	328	1096	150
1679	190	589	35
1058	1061	1713	18
367	688	770	363
1967	33	1846	105
2531	818	364	7
2023	2124	95	4
2181	2171	2686	244
2306	146	3125	979
2726	471	915	564
2956	1814	2554	475
2237	961	25	1
2044	2443	1498	599
1624	139	108	4
2747	3087	1177	201
1262	2136	1348	228
394	1761	1481	18
1240	144	337	7
3089	1953	1721	206
2118	972	1539	74
1689	2789	1973	787
1483	2987	3014	96
1081	1265	1553	37
1997	3109	1947	909
283	360	1054	57
1206	3315	262	7
1597	2199	1662	91
2480	2748	1956	663
85	244	1690	425
2249	581	1607	79
3282	2272	1562	133
1377	3004	1396	204
337	1878	1247	19
1216	903	1812	132
2910	411	88	4
879	1441	3011	241
847	1377	2215	255
2615	1987	464	146
1051	1961	1257	121
3598	1490	2968	73
3214	893	388	8
510	875	215	7
3426	2709	1697	425
1076	790	919	18
1194	101	2835	870
151	1791	488	35
2205	616	2713	2655
915	1350	1100	35
1254	116	1026	352
1447	1140	367	8
2838	150	1869	228
2974	906	2212	41
505	833	1356	17
262	1323	1556	95
3227	1217	2733	633
3007	91	3023	792
3409	639	1659	109
250	2676	2044	517
1465	1450	1	2
1700	1185	1816	301
1788	1035	97	4
565	2604	1017	39
1290	791	1832	315
3569	1915	326	7
1204	834	1052	35
2497	713	2114	225
1506	2556	1556	95
1566	1973	83	4
2335	579	1628	53
2208	2200	2273	135
2202	2213	2557	73
3232	1088	2514	593
1608	2956	2323	160
2372	397	1312	14
1912	763	242	7
557	2625	3257	113
3555	771	1918	99
2160	101	1583	592
3482	2412	1565	33
1219	826	2213	128
607	896	907	30
423	499	1629	147
2945	127	1868	228
254	3152	2846	16
1665	55	1981	154
1593	237	1110	35
1899	65	1876	134
156	3096	3167	103
1689	540	112	4
637	834	214	7
1023	940	12	1
2306	599	164	4
1957	1958	2555	1135
788	661	2291	38
2868	959	1283	1003
191	277	3211	1104
2205	2195	3132	716
1481	1659	2011	516
2689	1247	697	189
827	265	311	7
1950	2029	285	7
2928	105	899	18
2706	2146	239	7
3171	451	613	85
2652	2197	564	111
54	1857	2249	1242
20	3238	1369	598
2866	61	210	6
2527	3022	944	20
2687	1728	1605	18
3121	3263	553	60
1195	238	1046	773
83	2429	1413	152
296	3059	754	330
81	334	321	7
709	490	387	8
1473	1091	2003	36
2000	425	1786	95
1599	870	290	7
1282	1340	787	23
642	106	1285	1043
7	1099	2126	1801
1796	2831	1743	56
600	444	1708	16
238	608	2789	499
1766	1740	2126	1801
1255	305	1449	171
1303	2107	2467	204
783	2502	1641	675
1393	819	1374	145
1893	2358	2455	832
2426	1722	862	440
3409	1303	285	7
3019	2323	9	1
955	1397	2645	1162
3009	57	2120	506
2402	2231	90	4
2157	2587	708	95
936	1040	1342	193
871	1591	1856	34
1967	136	182	5
1125	1210	712	23
1600	1681	1422	23
2003	449	1949	87
200	3215	2483	41
665	821	2029	139
603	60	2708	525
1333	96	369	8
3401	1875	433	135
67	85	1564	308
2175	295	2695	500
2154	617	1141	16
291	1499	2410	517
1341	305	3	1
2909	2216	1981	154
1066	2374	2467	204
3565	3564	2807	152
2970	2944	756	262
1087	1298	991	736
1154	983	860	107
3578	1314	349	7
66	94	592	14
2519	1117	2350	53
81	3501	966	283
3264	1080	3249	969
284	447	3118	759
1087	124	3102	25
1714	467	1720	128
1342	1653	1877	169
250	234	1526	318
3349	2124	786	18
916	497	1887	154
2920	432	1245	41
733	755	466	19
1221	1224	586	205
2890	643	1698	305
2837	443	1975	144
216	3358	3	1
1560	540	1145	35
1894	4	122	4
1434	1515	128	4
2396	2245	1938	204
2149	14	310	7
2114	228	2904	295
1246	417	2741	111
2685	978	292	7
1802	1186	541	60
303	2862	1104	35
762	2079	1283	1003
2540	1400	1824	87
1087	1968	601	205
2942	2615	996	31
184	715	551	60
3403	1455	970	144
3355	7	1832	315
971	68	218	7
433	423	1248	41
45	2372	3197	969
883	1351	2233	312
2618	331	1443	16
1651	1653	2777	152
590	195	1120	35
2985	1366	2471	204
1159	3437	353	7
3556	152	1705	37
3419	963	788	667
376	1103	517	269
21	127	2984	618
2929	1548	510	35
2281	2504	2389	204
331	2842	3340	549
53	243	2169	352
2148	1070	111	4
63	1522	507	60
3303	301	1513	420
3545	1035	381	8
3508	1799	1754	458
2210	3115	2529	689
3486	809	898	20
1973	1119	3146	616
1597	704	2237	906
3634	2277	1087	457
150	1003	2388	48
1167	994	1841	382
2152	1785	3213	1490
1482	850	1046	773
533	1615	1045	35
1460	1903	216	7
2891	791	173	4
2160	1445	2906	316
2100	218	2119	294
1560	805	158	4
1566	995	3054	144
1159	3631	325	7
2161	1247	1817	373
1313	2369	1702	14
622	2771	630	26
2105	194	913	16
3164	190	2323	160
1057	2643	1702	14
2611	1108	458	146
1095	87	3136	706
2743	396	2885	21
2592	35	2967	73
998	606	2593	109
145	356	1093	121
2464	92	2899	38
1711	447	2427	43
58	670	2926	73
1190	928	317	7
3250	534	2884	614
1236	129	538	60
3119	2612	1417	63
3154	3155	719	77
996	2870	2215	255
2644	134	516	36
72	1180	109	4
2149	957	2028	263
3473	1000	2929	159
1352	721	1660	906
576	2616	1446	532
2861	654	2488	201
1032	206	1524	593
684	603	1068	34
396	2680	2008	37
99	1602	1533	524
3124	35	186	5
1511	876	1251	121
3086	154	1779	49
1984	1808	2480	41
809	742	355	7
810	1693	1396	204
2592	1365	485	146
3100	69	1269	82
1249	1402	2603	253
2365	460	3195	2570
2276	627	586	205
138	3491	31	2
3547	204	1834	37
1365	1356	1146	35
2770	726	1163	225
169	3407	862	440
2545	267	3032	273
1005	2092	216	7
3338	1386	837	33
1700	518	2909	14
2493	214	1516	420
79	1857	321	7
2864	1556	1083	35
95	2487	2833	16
3642	31	3198	371
348	806	3149	197
1150	2769	758	262
3110	3068	827	178
2917	74	1023	197
2277	2279	303	7
1607	2126	274	7
3266	1881	457	58
2538	417	2661	338
810	423	3143	2621
2552	722	2176	19
1774	1078	2629	1219
865	1003	860	107
2624	1585	2112	22
1814	446	369	8
120	1118	2953	105
2429	3365	918	519
707	3295	1754	458
679	1586	2406	135
409	315	1749	458
3281	279	657	35
104	811	3110	19
2233	171	1407	34
3324	2715	153	4
292	989	2029	139
3618	1073	2203	16
1227	400	1598	105
3486	1131	3407	43
180	1500	786	18
1191	7	1219	208
1463	3117	3345	128
1478	2811	1163	225
2514	1531	1555	74
2696	3588	1050	35
1092	342	2807	152
3286	1607	2026	16
829	438	2531	885
3515	586	2697	2267
2241	1089	3106	212
3550	301	2226	16
1454	386	52	2
247	196	1629	147
2865	205	2536	992
1380	1817	3550	521
2698	1581	781	98
601	2730	926	18
1683	1056	2021	581
1731	1199	397	10
761	154	1012	996
1611	1643	1665	1392
219	154	2541	621
2978	1881	1686	425
3341	3342	3446	866
1792	122	903	82
1348	3545	370	8
1886	333	1031	23
3306	2109	365	7
3425	3424	221	7
1292	662	1101	35
2613	931	353	7
2276	579	962	225
461	2015	1554	74
2652	1587	27	1
2112	154	435	35
369	3189	743	98
889	2584	2856	104
1419	111	1670	666
2422	8	2354	193
2843	2389	2287	837
3045	334	600	121
1468	1680	2426	107
1178	77	410	18
1624	1619	2217	125
3159	432	244	7
3274	2077	1391	145
3190	3027	1081	35
3018	481	1078	35
2805	155	820	68
270	697	220	7
2970	1789	784	33
663	1332	2758	981
3173	2255	571	401
1255	395	598	205
290	1110	867	74
1542	327	1275	19
1735	2065	19	1
2473	263	845	36
2183	1340	2514	593
1205	2631	1711	283
2136	553	589	35
832	426	1853	1642
3021	1185	2472	204
2877	177	1349	228
2797	1678	1405	17
1855	609	698	18
2982	1041	3176	329
569	473	62	4
357	3365	1245	41
2459	1076	858	326
2010	2421	2105	601
1819	2576	3147	197
1199	1909	472	122
2759	2069	2519	593
3067	340	1342	193
2721	736	2425	43
1853	3030	418	99
723	832	135	4
3349	3246	1665	1392
2317	2480	1566	537
734	214	2223	17
1999	2001	1161	318
311	1525	2147	178
3009	1852	2646	1807
875	2956	611	233
3006	2107	1057	177
1324	1325	809	23
2143	746	1272	161
1925	477	859	105
2768	1064	1609	158
3593	832	72	4
518	1419	1378	238
3222	507	2177	260
3609	215	2967	73
2941	248	294	7
3426	2709	1404	314
743	776	1128	35
572	2847	2882	1596
1182	136	2812	24
181	437	1346	228
1341	496	2512	25
3182	3289	651	84
3413	3378	31	2
743	105	621	100
1111	687	453	399
2398	3012	388	8
1237	3432	1046	773
471	2751	1492	207
1602	26	2249	1242
329	741	2555	1135
2152	1322	151	4
1300	823	2427	43
1636	1991	1412	41
2743	3419	3264	676
1265	221	1591	204
3492	2981	1866	228
2706	2367	2767	235
3339	1039	3118	759
325	345	10	1
1578	1143	1177	201
1683	1224	1382	145
1373	1822	3431	3320
2913	1444	817	24
1412	1223	2477	204
3594	536	1175	38
1643	41	1642	984
2100	2078	2013	320
2311	1555	2436	165
3608	396	1385	119
2857	1037	1812	132
3611	3119	282	7
3361	983	1503	20
3552	699	597	205
1433	1434	116	4
2558	1185	3305	397
2549	222	3024	1174
3463	984	119	4
767	754	1409	209
3132	127	2686	244
268	140	2575	906
1846	27	2538	385
1283	431	1695	425
788	2813	486	146
1859	1351	151	4
3444	1102	983	98
1335	1338	1210	16
2111	340	3318	620
2823	1303	1883	263
1484	1608	3029	699
3100	708	2420	175
1088	3435	2683	284
589	508	3305	397
146	2719	34	2
222	1295	3238	683
3271	688	2984	618
837	1085	1095	150
751	2215	469	146
1637	334	1907	383
2559	2689	2062	1214
3580	206	399	60
1929	1684	516	36
1784	1760	1265	709
1512	3415	1876	134
2865	3322	2472	204
794	3359	2603	253
2372	1059	1564	308
109	3584	3025	792
851	2467	657	35
2143	518	599	35
3601	1807	144	4
918	628	2137	531
2557	3112	3196	969
159	813	267	7
1866	149	1136	35
2628	574	3383	696
1678	155	154	4
3410	1370	228	7
1058	2029	273	7
2956	2952	306	7
3268	1906	1162	329
2727	1237	2038	289
436	437	1093	121
2091	508	2742	2719
2699	3007	513	60
3308	1123	3068	70
2113	2372	1930	663
2105	2607	945	154
215	1250	2746	294
846	2154	2626	855
1306	767	600	121
3174	2255	2602	238
1073	2990	1115	35
2060	615	649	204
3246	1470	1488	207
568	82	2337	728
2546	2399	2835	870
2013	291	802	68
2316	1554	2410	517
1615	3573	2853	69
729	3431	460	146
2669	170	236	7
2311	3522	479	35
3630	2147	1422	23
56	1692	1193	462
771	1567	3138	447
1735	1746	29	1
857	1004	515	146
675	363	2177	260
366	2831	1885	204
1114	504	1220	74
1860	237	1552	74
2457	1489	1824	87
2438	984	1193	462
595	58	580	19
740	72	2329	260
2666	575	36	2
2831	913	308	7
2413	2567	141	4
1899	41	2029	139
3127	2818	2062	1214
2166	2173	2603	253
3052	541	2625	1126
2254	7	146	4
3536	1003	1480	176
3388	1638	1950	1051
3319	847	1813	132
901	538	194	5
686	2433	1109	35
2246	2027	1782	49
2639	3292	1351	147
362	3412	2067	172
357	3377	349	7
1452	3045	1880	145
2567	519	157	4
1006	1647	1214	105
1384	1382	272	7
2135	541	23	1
1481	3224	1733	458
3442	108	2415	717
1069	233	86	4
1533	74	726	35
3586	1572	393	8
793	176	2108	225
2670	761	1330	427
2226	1591	990	609
1139	2822	236	7
2177	727	1008	83
1355	1359	2658	16
3114	147	2196	196
3520	96	3237	892
3619	608	3324	284
2959	2958	2066	19
1367	1347	1564	308
3040	1601	1660	906
1128	1139	2514	593
2354	1536	303	7
1955	823	2480	41
2949	1275	1084	207
3491	319	3524	325
3381	2220	1117	35
1844	987	1859	283
2727	1651	1086	35
1205	353	306	7
2679	493	3020	723
2398	2395	1170	53
2790	755	1120	35
1097	266	2470	26
968	260	1139	35
3635	496	477	38
3097	177	1719	430
728	2205	480	35
1076	2124	359	7
1107	1709	285	7
3084	768	2544	1002
1572	3629	609	26
2823	1268	3248	1968
3484	287	239	7
3562	859	740	199
3494	1178	2630	1184
3295	1985	1158	931
1930	2892	280	7
1106	609	474	35
1064	916	1375	253
627	468	2711	157
637	1011	711	49
3056	974	2597	1213
1339	1338	2157	306
2131	401	1332	231
2283	2506	223	7
1710	449	2233	312
2923	1820	1861	283
2413	3347	599	35
1102	1080	2511	760
1123	1214	884	181
1595	3472	1182	105
2501	242	24	1
1636	2205	384	8
2706	1044	1133	35
3210	490	2323	160
847	805	1715	305
2260	101	3056	144
420	538	179	5
3161	1024	751	254
434	558	2465	23
3457	35	1868	228
2806	1376	318	7
2720	1449	2229	16
2292	18	110	4
2477	266	626	88
329	661	503	145
717	572	436	60
588	58	2345	160
1103	587	470	97
403	979	205	6
1620	330	1193	462
1336	1110	116	4
1183	1142	2589	104
1403	256	21	1
2748	2987	68	4
1176	1178	1607	79
961	970	158	4
3386	3020	1104	35
2915	447	768	135
1383	2976	232	7
3092	1739	2501	45
1231	1767	1867	228
2659	620	3065	292
3634	361	972	500
2299	1417	1246	19
1871	10	3076	112
905	2591	500	146
615	2000	167	4
1125	354	935	175
3280	1452	122	4
3414	1504	102	4
3213	2269	543	26
3535	2517	364	7
2374	292	1178	374
865	567	1352	73
2008	1289	2079	49
906	1261	2050	257
2886	352	297	7
343	1601	2514	593
1429	1132	1331	360
3536	331	1095	150
618	774	223	7
573	129	3454	548
1330	1170	79	4
1280	714	2458	920
2933	2297	1682	37
2546	338	2323	160
2046	2465	611	233
289	1094	1030	431
617	474	1285	1043
3604	666	1737	458
2692	249	2559	320
2823	1304	712	23
3362	2865	945	154
2983	2975	2045	787
521	1042	1304	16
1077	1134	2746	294
2759	2758	697	189
481	1056	194	5
2832	24	2588	750
691	1527	3238	683
628	425	1516	420
1357	1567	1171	204
3298	2644	476	33
967	143	578	139
1139	860	2882	1596
344	440	1316	191
2812	3520	2	1
2825	485	578	139
1374	1038	1742	115
2644	1536	2058	256
1265	1544	293	7
211	324	1703	427
2116	1627	2896	1311
45	116	2470	26
1052	588	1659	109
2517	1510	1385	119
846	831	819	18
2470	2063	1689	425
1134	414	373	8
974	2532	1705	37
524	1192	2360	178
674	1817	1198	17
2709	750	390	8
2825	17	1909	685
1323	1716	160	4
580	256	911	898
841	3056	408	101
1171	1100	2470	26
186	188	2787	386
294	3116	1168	253
1144	1683	3136	706
1818	1180	190	5
1068	1070	184	5
800	1706	2050	257
3596	3019	1278	123
495	3034	1776	460
2409	2399	2548	722
1858	689	2912	84
1085	842	3176	329
1524	994	1536	464
1752	1985	146	4
456	389	1991	111
2210	332	77	4
1819	1386	2613	130
3585	2335	2141	533
3343	338	737	63
998	1504	1085	37
2375	72	2279	1213
3105	1781	471	18
2348	620	1114	21
1039	2274	3168	107
3022	17	629	57
242	2843	801	68
3610	158	943	203
2428	74	3260	312
493	2367	1597	459
1784	1233	1982	26
3067	737	3363	1204
1675	27	137	4
667	3117	1297	353
784	1691	754	330
130	1056	2661	338
2089	1214	1631	147
2448	2443	1781	460
1453	779	1241	116
3493	80	1361	109
3340	732	2008	37
2396	2617	393	8
365	3542	1700	222
2967	177	2229	16
3504	3518	3235	323
121	651	2270	16
1898	1260	634	407
731	1851	2311	666
596	1558	1086	35
2091	2096	366	8
109	2321	2063	1107
2928	2139	1174	353
2127	225	2833	16
2294	315	2057	87
1488	474	1348	228
1849	298	1571	606
1979	980	1416	63
260	113	385	8
3437	205	818	23
219	2072	829	342
817	73	2134	152
1846	507	71	4
838	1478	1588	37
2313	3611	975	35
3003	1964	3524	325
32	380	2441	1118
3319	620	1814	18
560	1335	2051	532
468	3477	2700	1633
2478	1059	917	196
101	3442	238	7
403	974	2186	182
900	311	1106	35
1098	787	3467	709
677	3293	1781	460
3138	205	1499	599
2629	402	1983	579
270	660	780	610
1416	1385	1826	604
3288	1549	3012	241
924	65	182	5
312	1166	1740	458
373	1641	169	4
2087	234	51	2
3540	305	1417	63
2079	2630	1171	204
3471	736	3070	1796
3141	2348	1880	145
1399	2395	1014	73
1258	272	2068	1214
1309	260	543	26
2205	678	2245	690
12	358	2641	1576
3403	1162	3290	2050
1540	1551	3407	43
1004	3229	1973	787
259	99	1286	113
3231	104	1340	287
1777	1587	1504	119
3212	1712	3131	1145
2969	2824	1796	158
2268	2812	2968	73
3631	1160	1495	273
325	357	2345	160
1129	1134	1536	464
2918	442	2065	189
1963	537	1576	125
2417	1622	288	7
765	2273	2881	583
2717	1576	1111	35
1411	739	829	342
2336	1928	447	33
1588	555	1222	20
2905	1105	1389	717
1055	1871	2194	16
1080	1076	533	60
1064	1067	1155	77
2496	2268	616	74
3097	2632	2004	37
3528	3183	514	146
1786	1275	215	7
174	848	721	413
1857	3155	2649	1394
585	442	3289	991
487	535	3089	436
481	2651	470	97
3223	129	3195	2570
48	1861	2091	360
3298	1814	3147	197
1548	1554	1116	35
287	357	1576	125
1014	717	3087	284
1719	3165	1907	383
2049	3246	715	231
1935	2094	1264	460
1119	1883	1515	100
1772	2325	1845	129
1005	1272	1996	32
4	3381	2186	182
1013	786	3429	2712
1950	1504	275	7
1473	286	925	617
1547	1869	1042	38
3472	564	2672	231
3371	411	888	881
413	1282	759	127
2209	1144	740	199
2421	1068	2037	276
1324	1323	774	165
1503	1864	535	60
109	2864	2100	255
3572	2129	1752	237
1172	1853	988	26
3145	1272	1487	207
1769	691	220	7
2154	637	2363	1423
779	3331	372	8
41	901	529	60
2639	1353	1067	177
1460	1438	1137	35
1627	3268	1590	196
2029	1205	201	5
3453	2554	172	4
2144	1780	1122	35
3372	711	725	105
2253	688	1707	427
2337	1142	1085	37
1934	1704	2377	633
2643	3335	451	146
2186	6	1464	609
169	3078	604	81
3437	2607	3013	241
1204	2432	1775	459
761	2851	652	407
1646	253	607	85
1520	1631	1663	532
629	483	74	4
40	2241	732	15
1695	1681	2007	37
2485	1292	2980	618
293	2833	715	231
2309	2635	684	91
1789	1080	1484	59
1556	1706	1412	41
2760	8	863	449
948	4	1143	15
2946	1447	26	1
1291	1407	728	126
1771	461	1122	35
1655	2082	2840	355
3309	2234	704	341
1224	2993	130	4
3404	68	2289	127
2186	367	566	18
314	235	852	17
239	2529	1269	82
837	3036	3200	613
1095	819	1056	121
2738	982	2013	320
1762	1694	2082	593
1134	1142	107	4
79	441	220	7
1601	291	1791	158
1690	2443	452	58
193	603	2569	906
81	607	2213	128
564	154	668	20
3002	2377	27	1
2534	950	40	2
817	353	583	71
1451	1447	624	26
2258	683	3	1
2830	2226	529	60
499	936	1378	238
189	2921	1381	196
3426	1253	2348	53
3616	2748	2066	19
854	204	761	16
779	759	2718	874
38	3161	289	7
949	198	85	4
1248	2442	361	7
281	806	1792	158
1292	411	454	146
2497	23	2245	690
2051	1340	1868	228
218	983	166	4
168	724	334	7
551	2697	1918	99
371	493	2226	16
2101	2102	3383	696
2555	1329	2801	16
3217	1053	2275	572
126	740	1872	228
529	3588	1115	35
3082	189	2649	1394
1947	804	1929	473
2052	488	282	7
3260	116	3439	961
2150	2999	1533	524
586	14	3001	269
2464	2730	212	6
105	454	1130	35
765	762	1550	74
3050	3337	756	262
1199	3442	2658	16
1299	1293	1849	1848
858	3052	3029	699
2468	1994	1685	425
1118	2038	161	4
2495	1964	1814	18
3585	3586	982	98
749	1509	1627	147
3049	1173	1334	96
1732	526	864	98
2467	1396	47	2
2794	1	2111	225
2979	2974	3264	676
887	1375	1268	90
1685	2639	2717	2715
1912	1081	2896	1311
1777	98	470	97
265	1512	1396	204
3429	1135	3007	633
231	3213	3430	1135
1485	345	1784	87
2782	608	835	49
303	2133	1836	826
3321	2342	1888	306
3434	836	1048	177
233	455	335	7
192	634	2214	380
513	1627	238	7
3292	1868	2567	43
2368	1551	2642	257
1677	3055	1900	39
44	32	1381	196
2090	646	3024	1174
1901	727	593	35
3346	392	2634	2277
1202	2931	1376	145
3301	961	3383	696
941	479	1479	176
570	575	627	332
2358	2500	2740	1489
1208	3220	656	36
3604	1540	365	7
580	2464	306	7
133	131	1929	473
2259	1817	1273	479
3406	837	268	7
3030	798	238	7
2938	1303	693	129
2115	835	645	407
3422	365	3504	357
2176	116	815	37
1082	1077	1437	683
269	2730	2636	228
2256	2500	1787	59
207	988	3025	792
2728	22	990	609
3080	23	262	7
1873	1866	428	121
1566	237	3025	792
654	3609	1907	383
232	2556	1874	283
3622	146	32	2
3316	3397	1611	174
895	2731	3086	292
585	986	2546	638
2357	1143	1894	107
1257	1046	1178	374
715	691	316	7
2362	2489	105	4
1518	654	494	60
2711	203	816	68
962	971	1020	420
3560	1109	917	196
3353	785	203	6
354	3008	748	70
518	1105	1880	145
971	121	2551	837
394	146	70	4
2756	624	672	408
2299	450	388	8
2996	3003	547	35
2811	817	1773	28
1089	1222	2066	19
116	3235	1609	158
2922	399	1580	53
1223	3374	2203	16
934	975	2980	618
1722	972	3431	3320
600	3250	2428	127
3256	975	666	48
1610	1125	2982	618
191	1345	2769	961
627	2494	1694	425
2048	2432	2812	24
2764	220	404	88
1710	257	1476	102
653	1703	1612	174
3439	1545	493	146
1504	1688	3498	107
2535	1522	3036	1222
944	2495	1888	306
2913	2959	1492	207
1075	954	1665	1392
815	540	2584	1441
1344	199	1464	609
3322	401	527	219
37	2864	171	4
1804	1803	1868	228
975	1766	1626	147
2344	493	832	189
2108	952	2946	875
1017	1898	2653	1677
848	597	3007	633
2737	1489	1441	382
823	1299	948	98
100	503	1925	830
2990	1839	221	7
2620	2140	1900	39
3308	1264	61	4
2142	587	140	4
1597	476	953	732
498	1887	943	203
1120	2074	1012	996
378	3003	1064	35
1383	3200	1327	376
1898	276	306	7
3453	1273	506	146
1696	1203	1412	41
698	3172	844	203
1615	260	2642	257
3108	205	2643	930
1144	1116	1198	17
2927	848	2774	827
3184	2035	2453	263
2813	3355	206	6
1198	146	363	7
2758	1061	2377	633
1133	1915	173	4
1687	969	301	7
1252	940	2417	2169
467	2169	374	8
1823	1415	2811	24
2947	1417	2709	605
2770	1379	1596	365
1184	3556	2416	1162
1436	234	1018	121
2545	1280	2488	201
2665	439	2807	152
3226	2437	989	17
1525	578	2174	352
2078	732	256	7
2508	2667	378	8
2471	352	439	60
571	451	461	121
1338	1339	684	91
3593	443	1225	188
1969	2153	1159	120
579	3008	2952	105
1116	872	1473	109
2661	616	1678	16
1284	736	2465	23
2969	617	3508	1006
1431	1432	2580	545
830	1794	1266	244
3149	147	2030	18
78	1064	809	23
3529	3218	880	215
3605	358	45	2
892	2433	750	454
2847	1361	423	18
2849	2827	1097	35
2826	351	3147	197
1190	467	686	411
3139	1177	1812	132
448	2415	2358	1626
3092	849	2509	45
3158	2517	2634	2277
816	1073	1181	144
1645	1811	145	4
1264	2332	881	82
2998	530	829	342
475	3550	1078	35
2517	1531	1015	74
2022	3432	589	35
2520	2107	1246	19
2127	1830	2482	17
3366	2631	1440	608
2865	1309	803	293
1148	1121	1298	37
555	556	1389	717
2431	2881	830	277
2317	138	268	7
1074	2468	2634	2277
613	544	609	26
572	101	1360	109
1802	1953	394	9
762	829	2979	618
3162	1485	2468	204
690	1816	702	411
1616	2886	159	4
863	1765	1187	458
607	1564	1231	188
66	871	675	177
3540	3539	63	4
1987	80	2715	2330
1920	283	1540	74
2204	5	1308	354
1333	471	2571	238
3245	1410	1290	18
2547	1223	2157	306
592	209	2418	523
531	1725	441	146
1171	2870	2840	355
202	146	3326	386
1513	558	45	2
1827	964	623	13
2388	578	2003	36
2739	579	2047	580
1200	796	904	111
1472	637	2162	541
1917	3450	1597	459
308	2815	2571	238
875	49	892	192
3053	2460	331	7
969	2870	3303	397
376	1445	218	7
1163	909	1944	294
1796	3506	876	447
2578	1930	2794	631
3153	197	1630	80
672	1179	780	610
838	1773	129	4
504	390	397	10
2187	98	1458	45
583	2000	915	564
2578	2581	2048	43
541	3142	394	9
2026	1582	376	8
890	889	1182	105
2610	2146	2602	238
3479	828	313	7
1405	2605	2489	1177
826	744	293	7
131	435	2819	104
3545	1341	1843	129
2203	2655	2297	1857
2344	204	208	6
3539	153	1634	27
3420	2513	3224	503
3407	2310	3168	107
1186	680	189	5
655	806	1603	265
2778	3217	406	99
784	3460	2581	906
841	106	221	7
3406	3279	673	35
1871	483	227	7
32	3476	792	27
14	1486	209	6
2236	2998	1242	121
1815	1551	1012	996
449	3251	1290	18
1205	366	2893	1615
3312	285	948	98
1098	532	272	7
3169	848	685	411
2182	69	527	219
393	3475	1698	305
3325	260	266	7
594	1719	623	13
2477	1291	2341	165
2442	1281	365	7
2387	1223	175	5
1395	61	3471	652
2859	1062	1805	467
1371	2452	919	18
2066	593	583	71
1295	388	2717	2715
1231	3382	600	121
1404	1461	445	116
645	1162	609	26
3052	358	1993	723
2300	450	143	4
2815	2854	517	269
851	833	37	2
1815	2708	778	17
2586	1376	284	7
1377	2132	557	56
3353	236	1106	35
2233	538	1554	74
1590	807	1363	1354
727	2339	1829	55
1476	3238	2734	498
1779	1777	93	4
240	289	1655	621
128	3182	1007	83
818	447	371	8
104	2638	295	7
3068	2147	230	7
2362	805	2505	45
23	579	2177	260
3129	269	1220	74
712	368	28	1
1454	1450	2207	196
1396	1749	1124	35
3634	1718	816	68
3637	75	2410	517
149	937	1613	47
2294	3443	3238	683
939	594	238	7
297	2072	2678	315
862	2237	1398	210
2165	121	431	37
1194	405	2811	24
2854	593	656	36
1052	2628	1195	19
3184	60	1184	91
3097	1397	159	4
2677	1484	2780	1820
2293	2241	1359	109
3245	116	853	309
2852	786	789	102
1260	1449	2465	23
2682	705	830	277
2207	95	1723	43
3194	2415	2641	1576
2076	581	2374	72
1375	1775	2572	1183
3	2860	2372	225
939	983	1215	265
1737	654	2436	165
1492	2673	1108	35
797	802	1845	129
3080	449	1911	1723
3513	1749	2428	127
2763	1712	3378	789
1237	2309	3556	2539
2441	132	994	18
2099	234	2373	225
2685	225	745	68
793	1112	100	4
326	692	2859	365
3224	1152	2505	45
1597	1028	2942	144
2103	608	1663	532
1556	233	602	35
813	152	1089	27
2398	690	2091	360
2542	701	3065	292
2440	744	909	76
2621	790	1037	38
2085	873	2372	225
1772	144	1720	128
2096	687	113	4
2242	30	1733	458
1064	2087	2164	350
1992	2062	1379	145
3116	511	43	2
2543	83	1491	196
1430	142	1863	257
60	3427	3445	166
3568	3430	953	732
1399	1358	1064	35
2108	152	727	174
1604	3175	99	4
2403	531	266	7
1986	1523	1628	53
3001	1924	2119	294
2892	2891	1148	35
537	1854	2867	238
2007	1299	1302	16
2067	1413	523	400
3498	2589	1961	663
594	3384	1662	91
888	2689	558	102
3354	57	520	76
1813	146	605	63
1999	784	1986	133
2321	2317	2081	49
962	959	1588	37
1471	1401	19	1
2203	775	2176	19
194	3603	1282	46
617	2367	2215	255
2957	2947	870	28
1948	1067	946	203
671	1142	1607	79
763	1249	253	7
408	2045	698	18
1718	792	1356	17
596	123	2007	37
3443	1251	2516	351
3271	659	2314	189
793	1857	69	4
738	341	2377	633
742	2408	2013	320
1425	1833	58	4
240	257	423	18
2283	498	1780	49
2450	2044	2189	38
2165	265	220	7
3314	2800	289	7
1116	1558	2156	220
3091	2596	192	5
1276	1966	2984	618
1027	231	2391	16
1629	371	970	144
1737	131	2627	983
2866	454	2929	159
3575	1964	645	407
1984	2511	2709	605
2986	407	1776	460
833	2899	970	144
2086	1441	791	533
3544	305	2478	204
1358	420	1567	458
2368	1473	653	407
891	2401	1055	74
722	2900	1034	33
162	1090	641	407
143	1845	1109	35
1223	3174	530	17
3536	2154	1911	1723
1025	3260	3246	981
2589	1714	3056	144
773	1763	45	2
156	85	2888	1148
712	2736	512	146
2191	1463	1173	305
730	2027	154	4
84	211	2184	352
1532	678	1562	133
3388	738	3323	312
3073	1080	3195	2570
3102	210	566	18
633	2902	2570	501
1045	1229	523	400
3444	1912	296	7
489	2735	549	60
3133	1209	172	4
937	561	1213	169
2297	34	1155	77
503	1997	1121	35
1809	305	3407	43
192	3415	2439	14
98	561	1799	464
2480	871	3498	107
1027	2668	1080	35
1270	8	1900	39
461	468	782	49
1502	38	2342	227
2760	2388	837	33
2137	551	3174	252
3463	532	915	564
348	1085	1229	101
904	2141	664	407
1487	425	168	4
1018	283	295	7
1641	1047	1353	228
2116	604	873	107
2331	2592	1629	147
3515	2178	854	449
3344	3346	3060	144
1839	1056	2641	1576
1243	315	1531	45
613	2698	427	399
1272	2742	2439	14
2663	276	42	2
3158	1688	384	8
2935	1108	1425	65
373	77	516	36
472	1399	1305	56
2466	2429	2801	16
10	22	158	4
1349	1551	1528	142
1103	2452	659	97
2745	1184	1149	35
1739	1749	2147	178
2612	1245	2545	1002
2021	1705	729	225
3481	3324	1763	451
1787	1827	273	7
3064	471	2073	1122
563	442	2941	273
1643	772	1536	464
1073	3403	2833	16
1535	1043	457	58
2793	3499	2261	18
1929	2654	1311	325
3374	3375	204	6
2260	657	843	28
21	2301	25	1
2165	395	3177	329
2438	167	2420	175
1318	1324	836	449
793	374	2009	37
3568	2065	441	146
2218	2892	224	7
3247	2502	931	35
3155	462	405	107
1558	1619	1328	135
1363	1360	1440	608
1332	2664	2559	320
906	801	1341	18
2160	609	1790	158
1618	1708	755	262
1071	1229	1045	35
2587	954	1429	20
2955	859	3467	709
941	102	2803	152
2103	1535	2093	695
237	172	3328	151
2200	1752	2760	115
3037	3247	1378	238
2406	251	3134	624
2096	639	1531	45
3398	3513	1068	34
2368	109	286	7
3349	2919	1701	425
2018	3357	1925	830
536	205	2636	228
765	749	1334	96
3137	411	1548	74
1779	826	596	205
2916	339	707	88
3374	2184	2225	17
54	2131	1885	204
1790	87	440	132
434	3157	1832	315
2998	1016	1414	63
1915	425	2601	238
3275	2919	749	61
3055	659	2191	222
3557	376	1470	609
1678	949	299	7
3390	253	204	6
1469	1048	1877	169
2290	500	705	360
2373	1457	649	204
1944	439	2147	178
592	2995	1047	216
1990	40	1944	294
2133	2939	615	41
2959	196	3120	709
543	542	768	135
1427	404	235	7
1308	236	2090	835
3048	1366	2548	722
1294	1461	1440	608
2504	758	1714	305
296	1459	1296	101
339	110	590	205
240	114	1554	74
1290	239	489	98
1121	761	2352	666
1533	1821	417	35
2993	887	2570	501
2891	284	1041	58
520	986	1741	458
3399	756	1082	35
3344	3345	2723	17
269	763	2205	196
1938	1417	2121	972
692	2693	89	4
154	3467	2399	135
3491	2331	3446	866
18	2948	67	4
2677	980	1153	57
2482	422	687	49
1067	618	438	60
2594	74	2909	14
207	1476	1450	580
1109	292	810	274
2294	1353	1104	35
41	3023	1296	101
295	3473	1855	346
196	2304	153	4
3415	474	783	748
507	411	384	8
1533	3086	3012	241
2659	1953	557	56
2891	3336	91	4
2196	1881	259	7
3121	744	1894	107
987	73	182	5
2212	1880	2508	1001
3228	2929	452	58
3001	667	879	102
2471	848	380	8
617	2791	2557	73
3144	499	334	7
389	2974	741	109
1556	975	1461	87
569	263	275	7
3454	282	1163	225
1653	1421	387	8
3092	611	1565	33
524	3195	2396	1399
1842	519	925	617
1509	599	2615	144
2729	519	1504	119
823	457	101	4
1319	266	675	177
1502	703	3314	332
2371	2287	3358	601
1553	2447	406	99
1611	864	375	8
3095	1097	32	2
1907	559	1051	131
3028	469	839	449
2072	219	564	111
3339	1384	2053	311
2455	2386	726	35
2384	2529	688	49
1151	621	2251	222
2833	151	1776	460
2282	1018	315	7
1300	3009	707	88
1922	2506	996	31
3091	3191	2247	104
1194	1268	1836	826
1582	3293	875	83
2325	1277	580	19
255	2657	2827	640
3107	3112	861	147
2079	3361	1175	38
1265	2512	3020	723
1187	404	232	7
3552	5	2059	238
1964	583	1574	144
1514	1517	1848	107
1865	512	3323	312
1819	1	983	98
1840	100	870	28
1613	2182	2332	260
760	2757	383	8
490	1156	2721	16
920	954	1859	283
1469	990	2223	17
1638	97	1547	74
3253	1856	491	146
1166	1718	1861	283
1757	1738	2612	2279
2587	180	2706	1313
2106	1205	1300	353
312	298	1662	91
1354	776	2623	443
3536	3150	2894	791
2997	3005	189	5
1794	134	2506	1119
2300	82	2531	885
1930	131	470	97
1432	1435	1331	360
1258	1249	764	23
81	626	120	4
570	734	1029	16
245	2723	1099	35
3455	842	134	4
3145	2877	422	17
648	2482	1275	19
1232	2280	779	29
1053	271	99	4
1608	2208	798	211
756	310	2472	204
1712	1173	1472	176
3585	2334	1862	228
1241	594	1736	458
1485	2202	2898	38
231	1680	1869	228
3069	1130	413	60
824	122	863	449
1734	908	1056	121
950	24	2129	579
321	228	632	152
482	4	1803	225
3368	695	1760	87
79	1487	1214	105
413	454	483	146
2448	2123	2195	196
2566	301	2395	105
2097	2079	1628	53
60	750	603	25
2840	1317	2942	144
2875	906	569	401
520	574	2062	1214
654	1191	244	7
2388	3005	1488	207
38	426	502	146
1340	2668	3264	676
2648	1791	2388	48
1705	633	2174	352
665	646	2284	102
2178	1255	2042	1385
3219	296	735	419
369	934	725	105
1509	599	2367	718
606	333	1612	174
109	45	793	301
3003	3006	1404	314
1652	2359	1848	107
819	404	2696	1166
2240	1122	1899	73
621	674	2222	125
3438	3439	2178	352
1373	158	46	2
206	1316	1274	1003
2155	924	2088	508
2226	479	2641	1576
1610	3194	2994	56
1114	1064	1604	129
2016	2963	3608	892
2269	1536	2509	45
271	1046	28	1
3302	419	3317	620
2552	222	2296	1035
2503	1510	822	17
2626	854	2894	791
465	82	1350	257
1855	2081	1194	462
3176	1422	99	4
1784	53	2183	352
267	1154	2949	105
1810	3056	438	60
2293	385	730	41
3451	856	520	76
2239	462	1648	984
1943	2941	633	50
455	3401	33	2
2318	2699	2296	1035
1857	1448	1569	345
492	700	755	262
2365	2445	1156	77
871	1018	2615	144
704	145	1134	35
2890	1190	1907	383
2551	578	2509	45
2829	577	892	192
1577	789	2655	235
1466	160	896	316
689	1634	3208	1557
178	2305	60	4
1288	321	466	19
2619	172	734	419
792	2065	47	2
2475	585	212	6
835	855	3288	1073
1759	2429	328	7
3379	3380	2912	84
2278	513	1991	111
3417	3532	2107	494
1389	1379	3004	490
396	1534	1262	121
3152	1499	1557	372
219	1084	752	61
1550	247	779	29
1786	1796	1337	216
567	905	2761	92
1020	1088	199	5
2008	3500	3259	976
35	1986	1327	376
1058	413	2560	446
106	3103	380	8
1184	407	249	7
2866	3098	744	35
599	3545	1717	102
631	230	1974	380
2075	1135	2509	45
296	3496	1105	35
609	2436	2032	101
39	1849	2859	365
1750	3002	2376	1666
498	3554	2300	97
3621	1827	2765	235
3285	1374	1706	131
1533	2561	2265	17
1998	3110	522	97
3174	116	44	2
1824	721	1049	773
144	516	1310	222
2217	1317	830	277
1599	417	762	254
2946	1370	718	147
2336	1486	1153	57
11	26	2425	43
494	1111	2024	301
327	905	2833	16
3266	1375	1493	207
855	332	2126	1801
3135	2120	2094	695
514	2205	1293	353
3475	2091	652	407
953	1415	2569	906
3564	1118	121	4
1525	1742	1540	74
3082	1142	2897	440
82	1737	2515	593
1283	1846	1630	80
519	473	1924	144
2777	480	880	215
2998	2996	179	5
231	1597	1911	1723
2624	575	1603	265
961	2525	1742	115
3392	3011	696	411
2864	64	2060	20
2294	1561	1460	608
3255	2403	436	60
788	178	3159	293
1634	857	361	7
1096	2239	1954	56
2992	646	1690	425
830	326	560	401
2942	1150	1828	1814
1942	2085	3317	620
820	814	405	107
2857	2432	2314	189
3319	1445	693	129
2075	1166	748	70
3626	3627	2940	1204
3261	354	1266	244
397	146	489	98
470	3406	1679	249
298	1958	239	7
2529	1757	889	561
1128	1392	9	1
1719	2068	779	29
1416	1543	1856	34
26	2877	615	41
2006	2916	1150	77
3453	425	526	60
1973	1830	742	177
799	816	683	16
2455	3447	1389	717
1557	420	3593	1698
426	627	1387	1082
871	101	1072	177
3493	291	1816	301
2126	3372	2415	717
131	512	1678	16
2126	2341	280	7
3555	2910	2545	1002
485	2964	2509	45
2842	885	1370	100
3398	374	717	411
2441	3146	748	70
3248	599	65	4
3208	425	600	121
3327	614	788	667
2847	2391	1284	458
3049	618	906	366
2829	2269	241	7
1394	1469	1502	144
547	2476	3060	144
1092	1543	2155	306
2277	886	3110	19
318	257	2557	73
834	602	1119	35
3395	1335	2371	225
3536	893	2751	435
955	2235	999	83
944	1883	2507	837
781	1792	1727	232
1298	327	144	4
1937	2745	842	35
129	2785	1067	177
3582	233	877	98
3567	908	1640	469
1301	1413	4	1
3597	847	352	7
2754	607	456	101
1252	2211	3378	789
900	984	1122	35
1759	175	184	5
1965	60	2817	676
2130	538	1484	59
95	2106	1274	1003
2688	2996	1876	134
1081	613	147	4
2413	2835	409	214
2247	1031	1218	33
2105	768	1844	96
1212	580	2216	102
148	674	2039	862
190	764	1430	1427
1740	729	778	17
1968	915	3328	151
2483	918	1510	74
2859	2020	2753	96
3051	608	464	146
2655	583	2350	53
1008	379	2254	18
2946	632	2119	294
1216	588	2468	204
419	1238	2046	17
2018	916	2660	1370
2362	1210	794	68
1458	3245	749	61
1916	1781	1006	83
977	2574	2314	189
3289	2171	1689	425
1662	598	1405	17
3343	1773	381	8
339	3148	2435	593
2766	2765	231	7
1500	1653	823	16
1677	173	169	4
301	3343	1208	462
2613	1554	2545	1002
818	1236	2491	641
2497	1223	786	18
2468	2477	1209	41
2448	2777	2904	295
3215	350	2721	16
100	3599	117	4
1313	363	189	5
1888	2157	795	533
439	2479	572	74
1915	2931	1569	345
231	3448	524	37
1968	790	1361	109
1704	1150	1448	427
1703	1197	1036	58
897	898	149	4
165	11	1690	425
3061	155	525	36
1410	3372	557	56
908	1850	2215	255
3620	624	2441	1118
3172	87	2414	866
99	2150	853	309
113	2521	608	16
2746	2737	1437	683
1730	387	2115	181
2546	2545	2907	316
2813	236	1758	14
2182	767	2195	196
2971	302	1747	17
3094	695	136	4
56	2012	1174	353
458	3534	3054	144
3006	2377	1187	458
2415	1423	1301	16
289	2469	386	8
1603	207	446	60
2875	906	39	2
350	3584	957	26
1300	2201	3508	1006
2623	749	1470	609
676	101	199	5
3365	515	2454	1379
3116	2403	2284	102
2237	838	613	85
21	171	1371	654
600	1525	981	98
3327	3089	2470	26
3190	1233	466	19
584	764	1392	87
2194	99	2680	124
1624	535	137	4
2500	23	2137	531
1042	1159	440	132
348	121	2092	240
1256	760	1632	147
871	104	1949	87
1259	637	1920	181
3351	1456	862	440
2784	411	626	88
1438	583	2617	22
2938	80	1041	58
1941	1597	1989	684
3575	233	1583	592
1944	1939	2026	16
3445	1873	491	146
3269	1535	2367	718
1145	1133	1781	460
546	1482	3083	2351
3336	2889	2455	832
3066	1354	2957	1392
822	1082	1779	49
863	3624	1910	497
2368	1362	485	146
3106	687	1662	91
809	445	1618	41
438	347	3246	981
1694	2468	974	30
858	616	186	5
