1295	228	1864	1859	3054	1272	1347	161	1677	2639	-1	1919	1872	-1	-1	1862	303	2764	2767	-1	2640	1915	1346	3343	1860	1861	2207	2654	2294	2653	-1	1866	-1	829	2650	3568	3569	2651	2652	3506	2710	2655	2765	2649	-1	251	257	-1	1870	235	3145	1349	1345	-1	2050	-1	1348	2712	2766	1351	1352	2616	1868	-1	1350	-1	1918	337	1869	1867	2642	335	2713	1353	-1	2711	
-1	-1	-1	-1	-1	-1	812	2193	313	-1	-1	-1	81	2379	-1	2857	-1	-1	-1	-1	-1	3131	-1	-1	-1	-1	-1	516	1137	-1	-1	3639	-1	-1	-1	-1	-1	646	-1	-1	-1	-1	-1	-1	-1	-1	-1	1411	-1	-1	-1	-1	-1	-1	-1	2261	-1	
428	2437	1830	740	2436	3489	2233	394	2055	3228	3433	2357	1633	3227	-1	116	1639	3082	3325	2567	170	418	-1	-1	2837	3176	1016	1938	1889	-1	3181	2500	
3321	2458	1709	
97	480	362	497	123	220	450	1243	
2091	-1	3361	2182	1175	2087	2488	3012	2333	3032	2088	-1	124	2490	2680	288	3026	-1	-1	201	1538	721	-1	3013	3283	
995	2819	2319	2485	-1	928	1195	2926	
577	135	1457	
-1	332	-1	3246	3160	
92	-1	167	
1598	725	1599	
133	993	1531	2524	992	1987	1988	865	1604	1986	1521	1529	950	1985	
2209	380	2214	
-1	-1	785	2785	-1	2401	-1	-1	-1	3475	3588	
604	1540	884	2291	559	2112	
-1	276	250	4	21	2967	157	647	3048	1225	1320	2388	-1	158	325	743	-1	1322	-1	282	779	2069	346	290	
3109	1509	1601	2742	2719	2743	-1	2196	1029	3207	
2540	458	1740	944	1417	
666	53	-1	
3509	-1	2470	3593	1236	2856	-1	2099	2457	-1	-1	-1	-1	2569	2607	
579	879	1010	545	102	2216	1613	349	1717	2220	
741	1360	1354	
2012	2428	1723	
895	984	2181	1618	1626	147	1149	
1242	-1	-1	531	1307	1133	3410	1203	-1	1009	-1	3550	1311	3113	1755	809	35	223	3237	-1	2360	1310	121	773	1043	2009	1061	1136	57	-1	1031	2166	1160	
2664	-1	3565	3225	
-1	-1	3119	-1	-1	-1	-1	-1	-1	-1	-1	-1	-1	-1	-1	-1	-1	-1	-1	-1	-1	-1	-1	-1	-1	-1	-1	-1	173	-1	-1	1698	-1	-1	-1	-1	707	982	-1	-1	-1	698	-1	-1	2955	-1	-1	-1	-1	151	-1	-1	-1	-1	-1	2179	-1	-1	-1	-1	899	-1	-1	2258	-1	-1	-1	-1	462	-1	410	-1	2384	-1	-1	-1	-1	522	-1	-1	-1	
2452	-1	-1	3049	
-1	-1	327	-1	1236	-1	2664	1506	-1	-1	2470	600	1786	3599	
1914	3177	3176	1911	310	1910	3261	2416	1629	1159	2022	2150	329	393	3245	491	356	1894	448	1162	2413	
2816	-1	651	468	1505	637	-1	407	
-1	100	246	2150	866	2022	3181	448	-1	1910	3261	421	-1	3207	310	89	960	3514	-1	-1	3109	2208	2806	2247	-1	1307	1261	241	2844	1601	-1	3446	214	924	-1	978	-1	-1	1507	1857	1370	1509	1530	-1	1111	2251	2196	-1	1724	3277	2719	-1	393	339	-1	3513	356	1159	2841	621	3325	398	2842	329	3176	3445	3571	-1	2413	2416	2250	491	2555	1629	2825	2223	1029	3177	3156	2742	3239	1217	1162	1911	-1	319	2721	3245	1046	-1	1914	3248	2743	1894	2249	
1371	1015	3400	
-1	2973	1826	1597	501	
-1	-1	-1	1709	
3435	2103	3043	
1157	-1	-1	-1	1955	733	-1	2516	2329	2964	3333	1590	-1	-1	-1	2143	655	2331	
-1	3026	-1	2490	2488	1175	-1	-1	3032	201	
1458	1470	1471	2068	1455	1669	1469	
2616	228	1864	303	1346	1295	1347	2639	1862	-1	2640	1345	3343	1860	1861	1866	1872	257	1870	1859	1349	2050	1348	1351	1352	1868	1350	1869	1867	2642	1353	
2081	2079	711	835	1497	1779	218	837	1780	758	2077	2080	2083	1783	49	687	1976	782	1782	688	508	
-1	2956	-1	
-1	-1	-1	3248	-1	-1	-1	960	2806	2825	3156	-1	-1	-1	-1	1507	-1	3571	-1	
824	1148	2393	582	1091	
-1	3356	-1	-1	-1	-1	416	-1	-1	
741	1366	1362	1354	
2773	1958	10	1152	1075	1151	1150	1153	
-1	375	2054	484	-1	276	-1	613	250	4	693	858	21	259	2060	2967	157	-1	1882	1225	3200	-1	469	1320	1082	2603	1818	1376	2388	1881	2601	1228	158	145	3211	1945	1378	-1	325	378	576	3048	647	1377	807	2631	1386	-1	-1	-1	2578	1718	3473	901	557	1233	2139	2869	1436	1821	1322	87	2230	282	1380	2093	493	2736	1078	743	779	2069	1451	346	238	986	290	2434	-1	1822	
412	-1	1199	
3123	541	2214	286	537	2224	-1	-1	367	338	515	2209	380	1925	1765	230	496	332	350	1573	-1	1592	540	2164	1020	2165	627	607	420	467	
2208	-1	100	339	241	246	2844	3239	3446	866	2841	1217	214	621	924	398	319	2842	2721	1046	3445	1370	1530	89	1724	
1770	458	1740	1417	
2428	1340	3076	2503	3072	43	248	1638	1722	-1	2012	1343	1710	304	908	1723	1335	-1	3075	3073	1341	141	2048	1740	-1	839	1342	112	
428	170	3325	740	1889	3489	418	2500	2233	1633	-1	-1	116	3181	
43	248	3073	1722	1343	3075	1638	2012	2428	1340	1335	1723	3076	2048	1710	141	304	3072	908	1342	112	
1521	2511	2524	1143	1004	2505	992	865	45	1987	1529	2509	1531	
2259	-1	1118	2441	
515	2165	350	367	2164	
2500	1973	1639	
11	1	9	6	3	
607	230	338	
2520	2185	810	
-1	3359	-1	2694	3360	
402	240	2924	720	2748	-1	408	-1	-1	1516	1518	1922	1253	1515	2092	2358	719	2017	3616	-1	-1	-1	-1	-1	107	3426	-1	-1	520	
1700	3347	2333	2334	2336	1827	2335	721	1486	
404	-1	-1	-1	
3313	-1	-1	-1	-1	-1	-1	1966	-1	2329	-1	-1	-1	-1	2151	-1	2284	2401	2143	3333	2785	-1	3475	-1	-1	3244	-1	1157	2215	932	-1	1955	733	-1	2516	-1	-1	-1	1590	686	-1	3588	945	-1	-1	-1	785	2964	2760	-1	655	2331	-1	-1	-1	-1	
448	3177	3176	1894	329	2413	2416	1162	
1678	663	17	640	1704	1186	1182	30	2110	1703	427	24	857	1303	1302	1930	1758	1304	2026	1702	27	906	1301	2663	152	631	823	1705	16	1051	1706	1448	913	1614	1330	-1	
3123	1132	2214	286	537	2224	-1	1484	2452	-1	1937	230	541	97	-1	515	-1	-1	540	2209	380	-1	1744	1785	1765	338	497	2549	367	480	2519	2987	362	1925	-1	496	332	350	1573	2591	1592	123	-1	1243	2164	2550	1020	2165	3049	420	607	2547	220	450	627	467	
-1	2956	-1	
537	420	540	
1914	1910	3261	1911	
-1	402	3616	1516	2748	-1	-1	408	2358	
729	458	1740	1417	
2540	458	729	1417	944	1770	1740	
-1	-1	-1	-1	-1	1922	-1	1515	3426	
288	124	2680	
2419	577	135	1900	1457	
3378	2119	879	1944	294	2746	3379	758	789	2220	
1068	1067	1062	
1524	758	1525	
-1	1227	-1	-1	-1	-1	-1	-1	2957	
2555	3277	-1	-1	
248	-1	2437	2567	1889	2425	3433	1340	1343	2233	1633	-1	304	-1	
1558	805	2890	999	1557	998	
3228	2567	3227	
835	758	218	992	688	1531	1526	674	2524	1780	315	2080	2038	2083	1527	2081	1528	49	837	508	2077	1783	782	1523	1497	2079	711	1782	1510	1779	593	687	1976	1529	1521	
2837	2437	3176	1016	1938	2436	3228	2567	3433	-1	3082	3227	-1	2055	
2531	1968	981	885	2502	
-1	1813	-1	548	
-1	1227	-1	-1	-1	-1	-1	-1	-1	-1	-1	-1	-1	-1	416	-1	3356	2957	
2361	524	1487	507	2389	-1	505	
270	225	758	2372	962	2370	1920	2371	2373	2115	1616	481	
-1	2816	-1	1505	
1747	3224	1445	589	
924	3445	3446	
719	107	720	
1148	582	1091	
1040	1090	354	
1343	1335	1342	1340	
491	356	1159	1629	
1317	-1	376	1319	1318	1326	1320	1321	-1	1323	
1317	1326	376	1319	1470	1318	1458	1320	1471	65	2068	-1	63	-1	4	1455	1323	1669	1469	
-1	3360	1361	1354	-1	1360	1366	2694	1362	741	3359	
1625	2073	2070	1122	1166	2075	3115	2074	3077	2071	1316	
3361	2182	3012	1538	-1	3013	
-1	3156	3248	960	2825	2806	-1	1507	3571	-1	
2837	2437	3176	1016	1938	2436	3433	2055	
886	827	1551	-1	74	887	-1	37	867	
2251	2249	2247	1307	2250	1261	
2931	-1	-1	
1317	376	1319	1318	1326	1320	-1	-1	1323	
3314	2127	898	-1	743	3399	1191	-1	902	366	1121	1126	1202	
-1	2220	879	294	-1	-1	2109	2893	-1	-1	1494	3379	1121	2115	737	2983	434	3314	604	72	2889	1540	-1	2113	172	98	1457	898	789	2114	2111	366	3017	2813	559	1944	2291	3378	3435	225	1139	571	2108	1829	884	2206	548	1920	1191	-1	902	2746	181	1813	-1	2127	481	270	476	758	2103	3043	244	135	743	55	1202	2119	3399	-1	839	-1	2891	1126	2112	
57	773	1160	1043	3410	1061	223	
-1	2921	2922	-1	2920	2931	
-1	970	-1	1681	460	
1139	-1	-1	
604	1540	884	2291	559	2112	
1580	2348	2350	1912	1170	
2603	1821	807	
2839	2004	738	-1	1110	465	2929	1196	2928	1083	2841	2281	2140	2176	80	1569	3081	2526	2840	-1	1459	1112	159	1185	
97	450	497	123	220	362	
1516	-1	402	
1253	240	2924	2017	2092	520	
360	705	474	
270	225	181	1540	2113	2108	604	2111	884	2114	1920	2291	2115	559	2112	481	
1202	3314	902	898	-1	
63	4	65	
412	-1	-1	-1	1199	
2582	1912	2761	92	2348	1628	3512	41	85	615	1170	666	1618	53	984	1626	206	147	-1	167	2350	2181	895	3603	1149	-1	1580	
474	-1	3611	360	705	2443	-1	
1235	971	3178	
2086	723	-1	1198	3299	-1	2408	
-1	1207	-1	1246	1768	1290	-1	2121	-1	3614	1879	3306	-1	1801	-1	
924	866	3445	1724	3446	
288	124	2680	
-1	3616	2748	2358	
1621	495	1040	354	1700	83	3347	1090	2333	2334	2336	2335	-1	519	721	1486	
1242	-1	531	1307	1133	3237	1203	-1	1009	-1	3550	1311	3113	1755	809	35	-1	2360	121	2009	1310	1136	-1	1031	2166	
2206	-1	135	1457	
1962	765	2943	1599	766	
2176	2839	1110	2841	2281	2840	
375	2054	1881	613	2603	693	858	2060	378	3200	469	1082	1818	1376	1228	145	259	576	1377	807	2631	1386	986	1378	901	1233	2139	2869	1436	87	2230	1380	2093	2736	1078	1945	1451	238	2578	1821	2434	1822	
1681	582	83	2389	495	2361	824	-1	-1	1621	1040	1091	1487	507	2333	970	721	-1	2393	3347	1090	2336	-1	505	1486	460	524	354	1700	2334	1148	2335	519	
945	-1	-1	2215	932	2284	-1	-1	2760	-1	3313	-1	3244	-1	
1139	-1	-1	
1702	663	1448	906	1182	427	1704	1706	1930	1051	1758	1705	1703	1330	1614	
2150	393	310	2022	
1576	236	976	1581	1418	183	
1139	-1	839	
241	1370	2844	-1	2842	100	339	621	
248	1638	3075	3073	3076	1710	304	3072	112	
270	2115	225	758	2372	962	2370	1920	2371	2373	481	1616	1709	
-1	1740	2503	-1	
-1	-1	3082	
270	2114	2108	2291	884	
2340	1850	1849	1848	
270	511	225	181	1540	2113	2108	352	604	2111	535	884	2114	1920	2291	2115	559	2112	481	
1530	2208	398	319	3239	2721	2841	1217	214	1046	89	
2091	2087	2088	3283	
-1	713	2537	3582	843	-1	-1	1342	973	-1	1973	1335	2500	177	1639	2887	
2357	1830	394	1639	
440	399	447	401	446	60	146	439	
30	16	27	17	1303	857	640	1302	152	823	1186	1678	631	1304	2026	913	24	1301	
270	511	225	181	1540	2113	2108	604	2111	884	2114	1920	2291	2115	559	2112	481	
2653	3054	1272	1677	-1	-1	2655	2764	2767	-1	3506	1915	3569	2712	-1	2207	2294	-1	3568	2651	2652	2650	2710	2765	2649	-1	251	235	3145	-1	-1	2654	-1	2766	161	-1	1918	337	1919	-1	335	2713	-1	2711	
97	1132	-1	-1	2591	-1	2519	1744	362	1785	1484	2987	123	220	450	497	
3037	1599	3242	3535	
1978	1483	-1	1519	
286	-1	467	1573	
230	97	1132	2214	380	-1	-1	123	607	2209	-1	1744	362	2591	1484	2987	220	450	338	497	
1242	2773	2437	1830	-1	740	2436	428	3489	1061	-1	531	3410	2233	394	1307	-1	1203	1009	2055	-1	3550	3433	3228	3082	2567	3113	1755	2357	1633	3227	35	-1	116	1639	809	1958	57	-1	2360	3325	-1	2837	170	121	773	1075	1151	3237	1043	-1	2009	418	1310	1136	1152	-1	3176	1016	1938	1889	-1	2166	1311	10	1150	1153	3181	1031	2500	1133	223	1160	
1317	-1	376	1319	1318	1326	1320	1321	-1	1323	
2773	1958	1152	1075	1151	1150	1153	
524	2361	2389	
1235	1576	236	971	976	1581	3178	1418	183	
620	2013	-1	3518	1556	3317	
651	468	407	637	
1526	1527	674	1531	1510	2524	315	992	593	1523	1528	1529	1521	
1678	663	17	640	1704	1186	1182	30	2110	1703	427	24	857	1303	1302	1930	1758	1304	2026	1702	27	906	1301	2663	152	631	823	1705	16	1051	1706	1448	913	1614	1330	-1	
270	225	181	1540	2113	2108	604	2111	884	2114	1920	2291	2115	559	2112	481	
2526	2928	1112	2140	
886	827	1551	-1	887	-1	
2437	-1	3582	843	1340	3076	2233	2537	248	3433	973	1343	1633	304	-1	177	1639	1710	713	2567	2425	-1	-1	2887	-1	1889	-1	-1	1973	1335	2500	1342	
-1	-1	1341	1740	2503	839	-1	
-1	-1	493	484	-1	-1	3473	-1	557	-1	3211	
-1	-1	-1	2151	686	-1	1966	-1	-1	-1	
3513	978	3514	
-1	-1	1927	108	1558	805	501	2956	2890	999	1557	2973	1826	-1	1597	998	
270	225	181	1540	2113	2108	604	2111	884	2114	1920	2291	2115	559	2112	481	
270	225	181	1540	2113	2108	604	2111	884	2114	1920	2291	2115	559	2112	481	
-1	2211	1519	-1	1978	2643	3448	1483	
1139	-1	-1	-1	839	
141	908	43	
1621	1700	3347	2333	2334	2336	2335	721	1486	
2550	1937	2547	2549	
2761	85	92	
