nodeNum: 2559	edgNum: 7031	ave.degree: 5.495115279406018	diameter: 11
1	2	0.99
1	3	0.99
1	4	0.3
1	5	0.99
1	6	0.99
1	7	0.64
1	8	0.29
1	9	0.49
1	10	0.56
1	11	0.32
1	12	0.34
1	13	0.79
1	14	0.41
2	3	0.97
2	5	0.99
2	6	0.99
2	15	0.86
3	16	0.42
3	17	0.56
3	18	0.56
3	5	0.97
3	6	0.99
3	15	0.99
4	19	0.51
4	20	0.72
4	21	0.29
4	22	0.4
4	23	0.63
4	24	0.51
4	25	0.82
4	26	0.83
4	27	0.65
4	28	0.99
4	29	0.31
4	30	0.87
4	31	0.36
4	32	0.98
4	33	0.68
4	34	0.84
4	35	0.7
4	36	0.54
4	37	0.38
4	38	0.48
4	39	0.41
4	18	0.62
4	40	0.38
4	41	0.77
4	42	0.65
4	43	0.81
4	44	0.77
4	45	0.29
4	11	0.63
4	46	0.84
4	47	0.4
4	48	0.63
4	49	0.6
4	50	0.65
4	51	0.48
4	52	0.86
4	53	0.63
4	54	0.4
4	55	0.62
4	56	0.67
4	57	0.86
4	58	0.74
4	59	0.4
4	60	0.89
4	61	0.39
4	62	0.82
4	63	0.28
4	64	0.82
4	65	0.8
4	66	0.65
4	67	0.34
4	68	0.4
4	69	0.4
4	70	0.84
4	71	0.85
4	72	0.28
4	73	0.86
4	74	0.59
4	75	0.79
4	76	0.36
4	77	0.7
4	78	0.48
4	79	0.3
4	80	0.8
4	81	0.36
4	82	0.84
4	83	0.4
4	84	0.39
4	85	0.7
4	86	0.98
4	87	0.48
4	88	0.65
4	89	0.4
4	90	0.58
4	91	0.59
4	92	0.45
4	93	0.93
4	94	0.36
4	95	0.3
4	96	0.63
4	97	0.38
4	98	0.68
4	99	0.7
4	100	0.33
4	101	0.89
4	102	0.63
4	103	0.75
4	104	0.4
4	105	0.4
4	106	0.58
4	107	0.88
4	108	0.45
4	109	0.65
4	110	0.28
4	111	0.88
4	112	0.75
4	113	0.28
4	114	0.29
4	115	0.61
4	116	0.4
4	117	0.59
4	118	0.65
4	119	0.48
4	120	0.81
4	121	0.45
4	122	0.75
4	123	0.99
4	124	0.35
4	125	0.88
4	126	0.83
4	127	0.42
4	128	0.39
4	129	0.48
4	130	0.96
4	131	0.99
4	132	0.36
4	133	0.36
4	134	0.32
4	135	0.48
4	136	0.82
4	137	0.86
4	138	0.45
4	139	0.62
4	140	0.28
4	141	0.65
4	142	0.84
4	143	0.38
4	144	0.6
4	145	0.65
4	146	0.45
4	147	0.75
4	148	0.65
4	149	0.68
4	150	0.4
4	151	0.65
4	152	0.82
4	153	0.88
4	154	0.3
4	155	0.63
4	156	0.57
5	6	0.99
7	1684	0.99
7	1192	0.96
7	767	0.4
7	1790	0.78
8	1038	0.4
8	366	0.29
8	997	0.39
8	1499	0.4
8	1430	0.3
8	1424	0.3
9	397	0.63
9	10	0.97
9	1055	0.99
9	1058	0.97
9	1059	0.55
9	498	0.99
9	608	0.99
9	52	0.99
9	13	0.94
9	618	0.99
9	1060	0.99
9	1061	0.99
9	433	0.99
9	1062	0.99
9	1065	0.99
9	1066	0.99
9	1643	0.97
9	1635	0.28
9	1797	0.55
9	1798	0.43
9	1799	0.34
9	605	0.97
9	1723	0.3
9	382	0.99
9	1800	0.3
9	1642	0.99
9	1741	0.55
9	1646	0.99
10	397	0.57
10	1208	0.34
10	279	0.56
10	392	0.77
10	1055	0.99
10	1635	0.34
10	1636	0.5
10	1637	0.64
10	1638	0.59
10	1204	0.36
10	450	0.28
10	1639	0.38
10	1058	0.97
10	1059	0.93
10	605	0.99
10	498	0.99
10	608	0.99
10	52	0.97
10	13	0.99
10	618	0.99
10	382	0.99
10	1060	0.99
10	1640	0.86
10	1061	0.94
10	433	0.99
10	1641	0.56
10	1062	0.99
10	1642	0.93
10	1065	0.89
10	1066	0.93
10	1643	0.99
10	1644	0.51
10	1645	0.6
10	1646	0.99
10	1376	0.99
10	1377	0.99
10	367	0.9
10	270	0.99
10	1379	0.62
10	434	0.76
10	1647	0.29
10	1648	0.68
11	235	0.41
11	458	0.74
11	1106	0.32
11	1054	0.29
11	1679	0.98
11	1680	0.84
11	1123	0.98
11	1681	0.98
11	2037	0.63
11	2038	0.65
12	458	0.34
12	1293	0.34
12	1510	0.45
12	1980	0.36
13	397	0.77
13	656	0.3
13	1055	0.99
13	1058	0.99
13	498	0.96
13	608	0.99
13	52	0.58
13	605	0.99
13	1635	0.63
13	1368	0.63
13	587	0.3
13	487	0.41
13	1723	0.65
13	1738	0.63
13	1060	0.98
13	1739	0.3
13	1062	0.4
13	354	0.82
13	787	0.3
13	1740	0.39
13	1066	0.4
13	1643	0.98
13	1741	0.41
13	1646	0.98
13	618	0.99
13	1061	0.88
13	433	0.84
14	458	0.3
14	366	0.3
14	1234	0.29
14	34	0.41
14	2003	0.99
14	44	0.99
14	606	0.3
14	65	0.99
14	1611	0.99
14	87	0.99
14	2004	0.39
14	2005	0.39
14	104	0.39
14	1274	0.98
16	274	0.34
16	1029	0.3
16	363	0.3
16	1310	0.3
16	616	0.34
16	446	0.29
16	761	0.29
16	207	0.59
16	1311	0.3
16	781	0.29
16	525	0.3
16	417	0.3
16	283	0.3
16	1312	0.3
16	1132	0.3
16	1313	0.3
16	1314	0.87
16	787	0.29
16	1315	0.3
17	298	0.29
17	762	0.58
17	555	0.59
17	1340	0.87
17	786	0.29
17	1343	0.29
17	1344	0.41
17	1138	0.29
18	19	0.72
18	158	0.94
18	159	0.83
18	249	0.57
18	173	0.33
18	190	0.64
18	24	0.86
18	191	0.43
18	30	0.88
18	33	0.66
18	194	0.76
18	37	0.38
18	196	0.92
18	197	0.77
18	77	0.35
18	250	0.66
18	42	0.34
18	251	0.58
18	206	0.41
18	209	0.66
18	252	0.29
18	210	0.77
18	55	0.54
18	61	0.74
18	253	0.71
18	212	0.29
18	243	0.64
18	70	0.77
18	74	0.84
18	254	0.58
18	214	0.75
18	255	0.29
18	85	0.71
18	107	0.81
18	256	0.44
18	244	0.77
18	221	0.6
18	112	0.82
18	257	0.66
18	114	0.91
18	116	0.29
18	258	0.29
18	183	0.97
18	121	0.41
18	259	0.58
18	123	0.92
18	225	0.6
18	140	0.58
18	260	0.66
18	230	0.52
18	261	0.58
18	234	0.79
18	262	0.77
19	157	0.73
19	158	0.58
19	159	0.72
19	160	0.32
19	161	0.83
19	162	0.8
19	61	0.77
19	163	0.32
19	164	0.83
19	165	0.53
19	166	0.33
19	167	0.33
19	116	0.93
19	168	0.74
19	169	0.33
20	29	0.63
20	174	0.34
20	235	0.81
20	458	0.72
20	459	0.6
20	460	0.5
20	461	0.34
20	462	0.51
20	112	0.99
20	463	0.95
20	464	0.47
20	465	0.72
20	356	0.63
20	147	0.95
20	298	0.6
20	456	0.6
20	466	0.36
20	122	0.37
21	166	0.29
21	235	0.98
21	80	0.99
22	166	0.4
22	276	0.97
22	1102	0.8
22	1103	0.82
22	1104	0.77
22	1040	0.98
22	1105	0.97
22	280	0.82
22	1106	0.29
22	1107	0.82
22	366	0.3
22	1108	0.98
22	228	0.98
22	1028	0.97
22	1109	0.98
22	1012	0.97
22	365	0.53
22	1110	0.74
23	1091	0.31
23	1204	0.29
23	1205	0.48
24	161	0.32
24	169	0.32
24	461	0.68
24	112	0.91
24	1063	0.3
24	1456	0.32
24	307	0.51
24	1335	0.92
24	600	0.53
24	1457	0.33
24	1458	0.33
24	1300	0.33
25	465	0.94
25	690	0.59
25	998	0.84
25	151	0.92
25	1483	0.9
26	861	0.82
26	862	0.74
26	240	0.81
26	863	0.79
27	458	0.36
27	840	0.73
27	1549	0.85
27	1317	0.98
27	293	0.99
27	262	0.99
27	1550	0.36
28	1578	0.42
28	1579	0.99
28	117	0.99
28	131	0.82
28	84	0.29
28	234	0.58
29	467	0.64
29	468	0.77
29	469	0.4
29	470	0.29
29	458	0.99
29	318	0.54
29	112	0.94
29	471	0.98
29	30	0.76
29	472	0.7
29	206	0.29
29	473	0.66
29	179	0.72
29	91	0.35
29	474	0.76
29	475	0.66
29	476	0.47
29	477	0.29
29	234	0.66
29	123	0.36
30	159	0.76
30	458	0.41
30	112	0.9
30	298	0.83
30	171	0.76
30	1456	0.53
30	1054	0.39
30	264	0.45
30	194	0.74
30	1670	0.53
31	158	0.8
31	398	0.82
31	449	0.84
31	350	0.8
31	302	0.41
31	995	0.36
32	235	0.86
32	304	0.99
32	449	0.36
32	1197	0.53
32	489	0.99
32	123	0.98
32	513	0.98
32	69	0.94
32	1755	0.99
32	1634	0.67
32	694	0.37
33	166	0.75
33	671	0.66
33	833	0.99
33	669	0.63
33	674	0.71
33	675	0.64
33	1761	0.99
33	1762	0.68
33	1368	0.87
33	1763	0.7
33	1764	0.36
33	1765	0.37
33	1766	0.99
33	1193	0.99
33	126	0.99
33	1169	0.99
34	166	0.75
34	235	0.64
34	460	0.64
34	298	0.64
34	192	0.82
34	1197	0.44
34	253	0.53
34	484	0.86
34	502	0.81
34	113	0.94
34	137	0.73
34	1785	0.9
34	234	0.58
34	237	0.68
34	497	0.62
34	506	0.77
35	158	0.59
35	813	0.97
35	318	0.36
36	1038	0.99
36	1795	0.88
36	1042	0.99
36	1122	0.98
36	1043	0.99
36	1796	0.99
37	165	0.68
37	166	0.85
37	103	0.69
37	281	0.85
37	1099	0.91
37	1197	0.81
37	511	0.3
37	1213	0.93
37	1214	0.29
37	1215	0.91
37	1216	0.36
37	740	0.38
37	357	0.53
37	123	0.36
37	1217	0.84
37	1218	0.8
38	1585	0.99
39	547	0.75
39	573	0.99
39	1127	0.99
39	1223	0.46
40	654	0.99
40	660	0.99
40	661	0.84
40	95	0.99
40	662	0.99
40	663	0.99
40	138	0.96
40	666	0.99
40	154	0.56
41	158	0.55
41	1325	0.48
41	264	0.59
42	166	0.65
42	115	0.37
42	836	0.3
42	1977	0.63
42	1978	0.77
42	1979	0.29
42	1980	0.4
42	1157	0.3
42	1201	0.65
42	1715	0.65
42	139	0.41
43	235	0.99
43	458	0.61
43	465	0.84
43	298	0.64
43	1038	0.54
43	1005	0.35
43	483	0.54
43	489	0.44
43	336	0.37
43	502	0.54
43	1823	0.38
43	85	0.99
43	1846	0.61
43	1993	0.99
43	2016	0.99
43	1957	0.54
43	851	0.39
43	506	0.99
43	932	0.3
44	192	0.33
44	139	0.39
44	2003	0.99
44	65	0.99
44	1611	0.99
44	104	0.39
44	1274	0.99
44	87	0.86
45	461	0.76
45	112	0.99
45	464	0.99
45	465	0.36
45	1942	0.82
46	80	0.74
46	1690	0.39
46	1693	0.94
46	1694	0.82
46	135	0.98
47	2044	0.39
47	405	0.78
47	2045	0.32
48	507	0.77
48	572	0.29
49	166	0.6
49	1319	0.98
49	137	0.64
49	587	0.98
49	1866	0.5
50	795	0.4
50	705	0.41
50	187	0.29
50	80	0.82
50	366	0.3
50	1453	0.4
50	1499	0.4
50	1530	0.74
50	891	0.84
50	893	0.84
50	894	0.84
50	888	0.41
50	895	0.85
50	897	0.84
50	898	0.77
50	803	0.85
50	901	0.92
50	902	0.82
50	903	0.77
50	99	0.41
50	904	0.98
50	908	0.84
50	1547	0.4
50	896	0.84
50	1536	0.74
50	899	0.84
50	2086	0.4
50	694	0.4
50	1540	0.4
50	907	0.77
50	2087	0.82
51	2122	0.87
52	458	0.51
52	112	0.99
52	1417	0.32
52	1055	0.99
52	1058	0.99
52	1059	0.99
52	498	0.99
52	608	0.99
52	605	0.87
52	1636	0.39
52	1600	0.86
52	450	0.81
52	618	0.99
52	1060	0.97
52	1061	0.99
52	433	0.99
52	1736	0.29
52	1062	0.99
52	1642	0.91
52	1065	0.99
52	596	0.51
52	1066	0.99
52	1643	0.99
52	1646	0.99
52	1737	0.67
52	452	0.69
53	458	0.3
53	766	0.52
53	1335	0.29
53	1499	0.4
54	366	0.3
54	296	0.3
54	102	0.43
55	465	0.64
55	1338	0.6
55	694	0.38
56	171	0.59
56	1282	0.56
56	1283	0.99
56	1284	0.99
56	222	0.99
56	1285	0.97
56	1139	0.94
56	952	0.98
56	250	0.99
56	1183	0.99
56	1286	0.98
56	1033	0.99
56	1288	0.99
56	1128	0.97
56	1289	0.98
56	1290	0.86
56	1291	0.94
56	1287	0.97
56	1292	0.94
56	1136	0.83
56	1293	0.99
56	1294	0.99
57	166	0.34
57	235	0.99
57	340	0.47
57	137	0.56
57	144	0.69
57	506	0.91
57	104	0.99
57	917	0.44
57	2168	0.99
57	1088	0.75
57	2015	0.99
57	1962	0.96
57	142	0.58
57	86	0.99
57	731	0.64
57	497	0.62
58	166	0.99
58	1196	0.99
58	486	0.66
58	1201	0.69
60	166	0.86
60	356	0.36
60	911	0.3
60	912	0.76
60	318	0.99
60	387	0.38
60	489	0.33
60	916	0.96
60	1704	0.94
60	921	0.99
60	914	0.41
60	922	0.99
60	507	0.69
60	401	0.99
60	919	0.88
60	1911	0.99
60	68	0.87
60	96	0.89
60	62	0.77
60	111	0.86
60	915	0.99
60	613	0.57
60	234	0.66
61	157	0.4
61	235	0.29
61	264	0.29
61	265	0.29
61	166	0.4
61	116	0.43
62	166	0.39
62	235	0.3
62	465	0.39
62	554	0.3
62	1415	0.29
62	610	0.29
62	527	0.77
62	137	0.29
62	701	0.4
62	1956	0.64
62	1957	0.39
62	96	0.77
62	111	0.98
62	1914	0.84
63	181	0.59
63	175	0.99
63	403	0.97
63	286	0.99
63	425	0.99
63	455	0.99
64	158	0.55
64	156	0.77
64	315	0.69
64	458	0.55
64	112	0.99
64	356	0.55
64	175	0.61
64	318	0.63
64	573	0.55
64	123	0.49
64	401	0.95
64	1912	0.76
64	688	0.46
64	225	0.88
65	2003	0.99
65	606	0.98
65	1611	0.97
65	87	0.99
65	1274	0.99
65	494	0.32
65	1075	0.69
66	2227	0.97
67	103	0.99
67	616	0.83
67	2250	0.61
67	2251	0.34
68	158	0.69
68	340	0.99
68	489	0.99
68	77	0.45
68	278	0.32
68	501	0.99
68	1550	0.97
68	504	0.99
68	234	0.79
69	227	0.3
69	235	0.41
69	792	0.3
69	103	0.29
69	187	0.3
69	766	0.3
69	702	0.4
69	1634	0.66
69	197	0.29
69	503	0.3
69	1755	0.98
69	371	0.29
70	161	0.63
70	166	0.82
70	235	0.29
70	366	0.43
70	139	0.3
70	485	0.39
71	235	0.99
71	465	0.51
71	123	0.96
71	914	0.41
71	1875	0.77
71	1866	0.68
71	694	0.92
71	290	0.29
72	235	0.99
72	465	0.68
72	649	0.64
72	496	0.36
72	610	0.99
72	1750	0.34
72	144	0.29
72	278	0.7
72	1381	0.36
72	2276	0.66
72	2277	0.98
72	653	0.37
72	1831	0.99
72	125	0.75
73	158	0.86
73	166	0.34
73	314	0.99
73	704	0.37
73	706	0.98
73	320	0.86
73	327	0.99
73	204	0.93
73	1515	0.59
73	209	0.97
73	291	0.94
73	231	0.97
73	331	0.49
74	158	0.63
74	159	0.63
74	465	0.34
74	171	0.86
74	366	0.48
74	239	0.58
74	146	0.87
74	190	0.97
74	610	0.63
74	693	0.99
74	118	0.99
74	744	0.99
74	1219	0.34
74	155	0.99
75	465	0.84
75	673	0.69
76	458	0.34
76	1499	0.45
77	158	0.66
77	430	0.42
77	1502	0.94
77	1508	0.66
77	610	0.98
77	259	0.66
77	431	0.74
77	435	0.78
77	130	0.49
77	394	0.75
78	158	0.66
78	1710	0.59
78	1711	0.99
79	158	0.66
79	165	0.75
79	166	0.36
79	167	0.36
79	169	0.75
79	235	0.64
79	705	0.29
79	1197	0.75
79	740	0.81
79	454	0.61
79	842	0.36
79	1216	0.64
79	2296	0.68
79	2297	0.68
79	2298	0.31
79	1533	0.62
79	1050	0.64
80	159	0.84
80	112	0.85
80	254	0.53
80	173	0.83
80	888	0.65
80	889	0.99
80	819	0.99
80	484	0.99
80	405	0.78
80	821	0.67
80	822	0.77
80	890	0.33
80	891	0.33
80	892	0.33
80	893	0.33
80	894	0.83
80	895	0.84
80	896	0.83
80	897	0.53
80	898	0.76
80	899	0.83
80	803	0.81
80	900	0.33
80	901	0.74
80	902	0.83
80	903	0.74
80	99	0.73
80	904	0.74
80	905	0.8
80	906	0.83
80	907	0.7
80	908	0.53
80	784	0.43
80	909	0.93
80	910	0.56
80	232	0.59
80	499	0.75
80	383	0.75
81	1501	0.74
81	491	0.98
82	235	0.43
82	366	0.3
82	253	0.3
82	123	0.3
82	212	0.97
82	2256	0.29
82	1356	0.39
82	234	0.64
83	103	0.41
83	939	0.41
83	831	0.34
83	483	0.34
84	2317	0.39
84	119	0.98
85	158	0.95
85	166	0.93
85	235	0.88
85	458	0.97
85	459	0.36
85	112	0.3
85	465	0.4
85	496	0.58
85	304	0.91
85	630	0.32
85	262	0.34
85	610	0.99
85	1217	0.86
85	1956	0.55
85	1846	0.99
85	1958	0.3
85	805	0.57
85	1070	0.34
85	694	0.99
85	234	0.79
86	465	0.34
86	298	0.87
86	496	0.36
86	610	0.36
86	1934	0.63
86	1935	0.34
86	365	0.36
86	694	0.35
86	142	0.62
86	731	0.9
86	2172	0.98
86	1737	0.83
86	2319	0.3
86	1621	0.71
86	2320	0.35
86	2321	0.35
86	271	0.36
87	166	0.92
87	465	0.34
87	484	0.33
87	2003	0.99
87	606	0.99
87	1611	0.98
87	1659	0.34
87	1274	0.99
88	1037	0.29
88	1736	0.4
88	2334	0.98
89	103	0.41
89	702	0.4
89	337	0.38
89	333	0.29
89	846	0.4
89	2335	0.65
89	2336	0.65
90	743	0.98
90	610	0.34
90	2007	0.86
90	385	0.84
91	634	0.84
91	1457	0.51
91	1578	0.55
91	1579	0.66
91	117	0.66
91	1480	0.8
91	849	0.51
91	2350	0.35
91	2351	0.33
92	704	0.8
92	706	0.99
92	728	0.98
92	2179	0.37
92	723	0.99
93	166	0.38
93	1563	0.38
93	1058	0.98
93	153	0.9
94	350	0.32
94	2311	0.34
95	235	0.98
95	458	0.99
95	654	0.99
95	660	0.85
95	661	0.91
95	662	0.99
95	663	0.95
95	586	0.99
95	275	0.99
95	735	0.67
95	532	0.99
95	736	0.99
95	335	0.56
95	554	0.58
95	739	0.83
95	737	0.98
95	684	0.99
95	405	0.99
95	1216	0.71
95	685	0.99
95	686	0.84
95	154	0.61
95	138	0.97
95	666	0.69
96	465	0.48
96	1956	0.66
96	111	0.99
97	235	0.98
97	2097	0.99
97	2131	0.56
98	174	0.82
98	706	0.72
98	1873	0.43
98	1219	0.33
99	1530	0.97
99	893	0.48
99	894	0.48
99	888	0.64
99	903	0.83
99	899	0.48
99	1541	0.48
100	166	0.53
100	795	0.33
100	868	0.32
100	846	0.33
100	1977	0.33
100	2385	0.41
101	235	0.99
101	465	0.86
101	610	0.99
101	123	0.99
101	144	0.69
101	129	0.81
101	1619	0.3
102	1883	0.33
102	1884	0.99
102	821	0.99
102	1885	0.77
102	1887	0.99
102	1889	0.29
102	1890	0.4
103	158	0.99
103	227	0.97
103	181	0.71
103	112	0.99
103	171	0.99
103	175	0.74
103	176	0.98
103	173	0.66
103	361	0.29
103	817	0.99
103	363	0.29
103	818	0.99
103	266	0.4
103	200	0.99
103	201	0.99
103	483	0.99
103	819	0.99
103	820	0.29
103	821	0.99
103	500	0.99
103	822	0.41
103	417	0.34
103	283	0.29
103	531	0.41
103	760	0.99
103	447	0.99
103	823	0.99
103	824	0.99
103	825	0.84
103	814	0.77
103	306	0.99
103	269	0.29
103	826	0.66
103	237	0.9
103	627	0.62
103	499	0.77
103	271	0.7
104	235	0.67
104	112	0.87
104	304	0.68
104	340	0.99
104	306	0.77
104	1852	0.76
105	458	0.3
105	1641	0.29
105	1223	0.39
105	2392	0.4
106	166	0.34
106	465	0.54
106	144	0.99
106	378	0.57
106	129	0.53
106	495	0.78
106	2396	0.41
107	158	0.8
107	166	0.36
107	227	0.7
107	829	0.7
107	1528	0.66
107	842	0.36
107	123	0.97
107	701	0.29
107	2382	0.7
107	2397	0.55
108	316	0.39
108	2264	0.41
108	2265	0.95
108	2266	0.95
108	2378	0.34
108	2267	0.95
108	2411	0.36
108	2412	0.31
108	2413	0.82
109	166	0.84
109	796	0.34
109	484	0.32
110	583	0.37
110	692	0.98
111	166	0.36
111	235	0.99
111	796	0.7
111	702	0.68
111	489	0.82
111	1956	0.94
111	1914	0.65
111	731	0.95
111	802	0.67
111	694	0.68
112	342	0.66
112	458	0.83
112	459	0.98
112	249	0.56
112	467	0.56
112	546	0.99
112	578	0.66
112	470	0.74
112	579	0.29
112	194	0.98
112	516	0.99
112	580	0.76
112	472	0.7
112	466	0.66
112	581	0.59
112	582	0.99
112	214	0.82
112	281	0.71
112	583	0.29
112	216	0.76
112	575	0.99
112	418	0.74
112	584	0.98
112	241	0.99
112	585	0.32
112	532	0.99
112	534	0.41
112	256	0.79
112	474	0.76
112	586	0.66
112	587	0.97
112	436	0.36
112	588	0.36
112	589	0.75
112	318	0.66
112	590	0.85
112	591	0.81
112	592	0.97
112	593	0.36
112	356	0.66
112	594	0.88
112	475	0.99
112	123	0.63
112	126	0.94
112	225	0.54
112	595	0.99
112	596	0.3
112	147	0.99
112	542	0.99
112	234	0.79
112	597	0.77
112	598	0.77
112	177	0.62
112	544	0.78
112	599	0.62
112	600	0.77
112	601	0.77
112	545	0.78
112	306	0.7
113	166	0.75
113	298	0.33
113	484	0.81
113	1787	0.56
113	1654	0.36
113	1788	0.36
113	1216	0.82
113	1789	0.81
114	166	0.98
114	235	0.99
114	465	0.85
114	633	0.4
114	304	0.66
114	340	0.99
114	171	0.7
114	188	0.93
114	710	0.98
114	123	0.99
114	144	0.99
114	694	0.99
114	130	0.99
114	219	0.69
114	699	0.99
114	1550	0.98
114	246	0.72
115	743	0.97
115	172	0.99
115	185	0.97
115	199	0.99
115	363	0.29
115	521	0.87
115	407	0.99
115	753	0.75
115	756	0.29
115	755	0.56
116	159	0.77
116	302	0.3
116	303	0.74
116	304	0.29
116	305	0.4
116	306	0.3
117	1578	0.93
117	1579	0.99
117	1580	0.99
117	1581	0.99
117	131	0.99
117	132	0.77
117	1582	0.6
117	1519	0.69
117	1583	0.87
118	159	0.66
118	192	0.34
118	171	0.73
118	239	0.5
118	146	0.71
118	190	0.99
118	693	0.99
118	744	0.96
118	155	0.99
118	262	0.74
119	2317	0.99
120	235	0.99
120	702	0.36
120	501	0.99
120	2455	0.58
121	1054	0.32
121	264	0.39
121	610	0.32
121	2462	0.45
122	465	0.63
122	610	0.93
122	1203	0.99
122	144	0.41
122	506	0.59
122	2463	0.29
122	2464	0.54
123	235	0.94
123	465	0.9
123	496	0.99
123	253	0.99
123	470	0.3
123	610	0.73
123	207	0.82
123	406	0.61
123	500	0.99
123	1617	0.88
123	1618	0.28
123	1619	0.33
123	1620	0.49
123	129	0.99
123	1550	0.49
123	144	0.99
123	613	0.48
123	139	0.99
123	234	0.77
123	495	0.62
123	499	0.64
123	452	0.36
123	694	0.67
123	1621	0.62
123	508	0.64
123	1622	0.64
124	760	0.99
124	788	0.8
125	1173	0.4
125	1310	0.4
125	1409	0.4
125	2477	0.45
125	1485	0.66
126	166	0.84
126	671	0.72
126	833	0.97
126	669	0.88
126	674	0.53
126	675	0.7
126	1763	0.4
126	1764	0.8
126	1766	0.99
126	1193	0.83
126	1224	0.3
126	1676	0.3
126	1770	0.98
126	1080	0.83
127	1264	0.99
128	2154	0.69
128	2155	0.68
128	2156	0.45
128	2158	0.7
129	465	0.77
129	304	0.59
129	253	0.84
129	144	0.98
129	139	0.51
129	2174	0.99
129	495	0.62
130	158	0.31
130	178	0.33
130	181	0.74
130	171	0.44
130	175	0.99
130	189	0.86
130	206	0.74
130	214	0.82
130	2104	0.69
130	729	0.69
131	704	0.99
131	706	0.99
131	1578	0.99
131	1579	0.5
131	1583	0.94
131	132	0.77
131	1582	0.67
131	1581	0.76
131	1584	0.7
132	1578	0.77
132	1579	0.39
132	1580	0.41
133	724	0.85
134	2501	0.83
135	1693	0.99
135	1694	0.99
135	1697	0.29
136	366	0.3
136	1054	0.29
136	1563	0.4
136	846	0.4
136	2504	0.4
137	235	0.56
137	304	0.83
137	489	0.99
137	502	0.43
137	196	0.92
137	487	0.66
137	1612	0.87
137	694	0.58
137	234	0.66
138	166	0.36
138	654	0.99
138	660	0.99
138	661	0.96
138	662	0.99
138	663	0.99
138	586	0.99
138	739	0.47
138	1216	0.46
138	684	0.99
138	685	0.96
138	1994	0.36
138	1995	0.36
138	379	0.31
138	405	0.99
138	686	0.99
138	154	0.99
139	166	0.39
139	174	0.69
139	279	0.99
139	566	0.98
139	842	0.4
139	846	0.46
139	1987	0.46
139	234	0.66
140	166	0.56
140	648	0.81
140	706	0.7
140	1305	0.36
140	1323	0.99
140	1325	0.99
140	1326	0.99
140	1327	0.96
140	1328	0.99
140	1331	0.3
140	616	0.31
140	385	0.99
140	1329	0.99
140	1330	0.97
140	331	0.99
140	1337	0.94
142	2172	0.77
142	1737	0.84
142	2103	0.65
142	731	0.75
143	718	0.99
143	1820	0.99
143	1988	0.32
144	166	0.99
144	235	0.99
144	465	0.34
144	496	0.99
144	253	0.3
144	610	0.69
144	290	0.3
144	699	0.99
144	1914	0.27
144	495	0.62
144	1915	0.69
145	465	0.82
146	158	0.81
146	159	0.99
146	166	0.56
146	171	0.81
146	184	0.71
146	173	0.99
146	186	0.56
146	239	0.98
146	241	0.99
146	190	0.97
146	693	0.99
146	258	0.73
146	224	0.99
146	225	0.7
146	1182	0.35
146	1183	0.39
146	737	0.64
146	1184	0.56
146	1175	0.85
146	384	0.37
146	1185	0.61
146	744	0.97
146	155	0.99
146	1186	0.61
146	634	0.68
147	458	0.99
147	463	0.99
147	192	0.56
147	629	0.55
147	630	0.29
147	600	0.71
147	298	0.56
147	631	0.83
148	1808	0.4
149	582	0.99
149	1575	0.99
149	2257	0.88
150	458	0.3
150	704	0.3
150	264	0.29
150	489	0.3
150	2354	0.4
150	940	0.79
150	2524	0.29
151	781	0.29
151	1485	0.99
151	1486	0.39
151	506	0.57
152	1210	0.39
153	465	0.88
153	633	0.56
153	610	0.58
153	1058	0.79
153	1204	0.44
153	1639	0.34
153	1619	0.49
154	654	0.98
154	660	0.98
154	661	0.82
154	662	0.72
154	663	0.99
154	586	0.99
154	684	0.99
154	685	0.7
154	767	0.68
155	171	0.59
155	239	0.99
155	190	0.99
155	693	0.99
155	744	0.99
155	262	0.29
156	170	0.99
156	312	0.99
156	221	0.84
156	315	0.99
156	332	0.59
156	333	0.59
156	334	0.59
156	335	0.75
158	170	0.63
158	171	0.94
158	172	0.77
158	159	0.94
158	173	0.96
158	174	0.37
158	175	0.99
158	176	0.94
158	177	0.29
158	178	0.71
158	179	0.58
158	180	0.29
158	164	0.61
158	181	0.99
158	182	0.54
158	183	0.32
158	184	0.99
158	185	0.93
158	186	0.49
158	187	0.78
158	188	0.73
158	189	0.35
158	190	0.82
158	191	0.7
158	192	0.34
158	193	0.59
158	194	0.29
158	195	0.83
158	196	0.92
158	197	0.3
158	198	0.4
158	199	0.86
158	200	0.96
158	201	0.9
158	202	0.74
158	203	0.59
158	204	0.66
158	205	0.58
158	206	0.3
158	207	0.6
158	208	0.38
158	209	0.75
158	210	0.41
158	211	0.66
158	212	0.29
158	213	0.3
158	214	0.82
158	215	0.66
158	216	0.9
158	217	0.58
158	218	0.29
158	219	0.3
158	220	0.4
158	221	0.53
158	222	0.39
158	223	0.92
158	224	0.5
158	225	0.96
158	226	0.58
158	227	0.36
158	228	0.3
158	229	0.35
158	230	0.93
158	231	0.82
158	232	0.3
158	233	0.3
158	234	0.72
158	235	0.67
158	236	0.67
158	237	0.67
159	171	0.94
159	173	0.94
159	238	0.66
159	239	0.99
159	175	0.99
159	240	0.87
159	241	0.94
159	181	0.99
159	184	0.43
159	223	0.99
159	242	0.93
159	230	0.94
159	190	0.64
159	194	0.58
159	197	0.29
159	200	0.6
159	206	0.77
159	243	0.87
159	214	0.64
159	215	0.66
159	244	0.77
159	245	0.29
159	224	0.96
159	225	0.93
159	246	0.56
159	247	0.89
159	248	0.7
161	194	0.94
161	263	0.33
161	217	0.53
162	217	0.83
164	266	0.36
164	267	0.77
164	268	0.32
164	168	0.83
164	269	0.4
165	263	0.51
165	270	0.99
165	217	0.83
165	234	0.31
165	271	0.68
166	272	0.4
166	273	0.33
166	274	0.45
166	275	0.54
166	276	0.33
166	194	0.83
166	196	0.52
166	277	0.32
166	278	0.75
166	206	0.4
166	279	0.87
166	280	0.99
166	175	0.48
166	253	0.86
166	214	0.79
166	281	0.52
166	282	0.68
166	283	0.4
166	215	0.68
166	217	0.33
166	284	0.72
166	244	0.45
166	285	0.33
166	286	0.59
166	287	0.39
166	288	0.4
166	289	0.94
166	290	0.39
166	291	0.72
166	292	0.34
166	293	0.6
166	294	0.4
166	229	0.48
166	295	0.36
166	186	0.4
166	296	0.33
166	297	0.65
166	298	0.65
166	299	0.33
166	300	0.45
166	234	0.75
166	262	0.65
166	301	0.61
167	217	0.33
168	307	0.53
168	308	0.33
168	309	0.32
169	191	0.36
169	194	0.84
169	263	0.33
169	214	0.89
169	281	0.28
169	244	0.44
169	310	0.73
170	311	0.99
170	312	0.99
170	313	0.99
170	314	0.99
170	315	0.99
170	316	0.99
170	221	0.75
170	317	0.49
170	318	0.69
171	181	0.99
171	249	0.93
171	175	0.99
171	176	0.99
171	184	0.54
171	306	0.99
171	242	0.92
171	173	0.94
171	190	0.81
171	194	0.76
171	197	0.74
171	199	0.82
171	200	0.85
171	210	0.3
171	243	0.64
171	214	0.82
171	217	0.29
171	244	0.34
171	221	0.71
171	183	0.63
171	385	0.41
171	224	0.68
171	185	0.42
171	744	0.54
171	234	0.66
171	745	0.68
171	719	0.69
171	746	0.68
172	199	0.99
172	829	0.89
172	185	0.99
172	201	0.67
173	181	0.99
173	192	0.34
173	175	0.99
173	188	0.58
173	830	0.98
173	831	0.99
173	239	0.99
173	832	0.28
173	240	0.28
173	241	0.94
173	183	0.32
173	223	0.82
173	833	0.28
173	834	0.88
173	835	0.29
173	836	0.29
173	274	0.34
173	198	0.29
173	202	0.41
173	207	0.5
173	837	0.68
173	210	0.29
173	215	0.58
173	244	0.77
173	370	0.44
173	225	0.86
173	445	0.69
173	838	0.69
173	248	0.69
174	478	0.39
174	442	0.42
174	217	0.94
174	479	0.64
174	225	0.83
174	234	0.86
174	175	0.77
174	480	0.61
174	356	0.77
175	178	0.99
175	181	0.99
175	403	0.99
175	392	0.3
175	200	0.99
175	201	0.99
175	406	0.97
175	807	0.85
175	411	0.99
175	808	0.86
175	809	0.32
175	286	0.97
175	810	0.9
175	728	0.79
175	454	0.93
175	242	0.94
175	425	0.52
175	415	0.97
175	187	0.99
175	811	0.28
175	455	0.99
175	753	0.48
175	812	0.31
175	813	0.88
175	224	0.95
175	225	0.99
175	814	0.31
175	421	0.41
175	815	0.3
175	816	0.77
175	450	0.77
175	503	0.37
175	457	0.62
175	426	0.64
176	201	0.98
176	306	0.83
176	200	0.85
177	839	0.3
177	840	0.62
177	841	0.59
178	397	0.99
178	403	0.99
178	404	0.3
178	405	0.39
178	406	0.99
178	302	0.35
178	407	0.99
178	253	0.97
178	408	0.35
178	409	0.98
178	410	0.96
178	411	0.99
178	412	0.56
178	384	0.35
178	181	0.69
178	413	0.34
178	414	0.68
178	242	0.31
178	415	0.99
178	416	0.73
178	187	0.99
178	417	0.3
178	283	0.41
178	240	0.94
178	418	0.99
178	419	0.38
178	420	0.32
178	286	0.99
178	225	0.99
178	421	0.4
178	422	0.49
178	317	0.32
178	423	0.69
178	424	0.64
178	224	0.7
178	425	0.37
178	426	0.65
179	458	0.72
179	704	0.32
179	511	0.33
179	401	0.52
179	553	0.87
179	472	0.78
179	842	0.59
179	843	0.38
179	844	0.53
179	845	0.3
179	846	0.8
179	847	0.53
179	848	0.43
179	849	0.53
179	583	0.74
179	216	0.71
179	850	0.53
179	851	0.72
179	852	0.72
179	634	0.92
179	853	0.47
179	854	0.53
179	855	0.53
179	402	0.55
179	241	0.43
179	585	0.41
179	269	0.3
180	856	0.45
180	225	0.29
181	398	0.38
181	403	0.99
181	200	0.84
181	201	0.99
181	446	0.37
181	447	0.51
181	225	0.99
181	448	0.63
181	449	0.36
181	450	0.61
181	406	0.64
181	451	0.64
181	452	0.64
181	453	0.61
181	454	0.64
181	425	0.95
181	415	0.9
181	187	0.95
181	455	0.9
181	456	0.61
181	224	0.87
181	457	0.62
183	831	0.99
183	857	0.99
184	206	0.41
184	406	0.34
184	234	0.64
185	199	0.99
185	201	0.97
185	858	0.4
185	859	0.31
185	829	0.72
185	446	0.64
186	298	0.74
186	206	0.3
186	366	0.3
187	406	0.99
187	240	0.98
187	328	0.41
187	611	0.98
187	860	0.99
187	225	0.99
187	292	0.48
187	415	0.99
187	350	0.35
187	411	0.99
187	412	0.92
187	403	0.7
187	286	0.36
188	1002	0.99
188	219	0.69
189	1203	0.77
189	617	0.37
190	465	0.34
190	693	0.99
190	744	0.93
191	1054	0.44
191	1521	0.58
191	1522	0.99
191	1523	0.7
192	632	0.31
192	693	0.41
193	311	0.79
193	314	0.99
193	316	0.99
193	205	0.97
193	208	0.99
193	329	0.9
193	324	0.99
193	322	0.99
194	458	0.9
194	356	0.48
194	629	0.72
194	773	0.32
194	868	0.33
194	337	0.3
194	1054	0.9
194	842	0.53
194	1671	0.33
194	1399	0.33
194	1672	0.33
194	1673	0.33
194	1674	0.32
194	1675	0.33
194	1676	0.32
194	1677	0.51
194	874	0.75
195	298	0.59
195	691	0.59
195	587	0.67
195	604	0.65
195	1804	0.83
195	651	0.51
196	235	0.52
196	489	0.98
196	502	0.96
196	1612	0.95
196	701	0.52
196	1855	0.95
196	1856	0.52
196	500	0.74
196	1857	0.95
196	503	0.52
196	1858	0.52
196	1859	0.52
196	487	0.56
196	1614	0.64
197	309	0.4
197	630	0.29
197	318	0.31
197	1054	0.39
197	842	0.82
197	296	0.3
197	1676	0.4
197	1899	0.39
197	1473	0.39
198	458	0.3
198	498	0.75
199	829	0.99
199	407	0.64
199	201	0.97
200	306	0.95
200	223	0.67
200	746	0.84
202	743	0.3
202	1257	0.64
202	553	0.3
203	447	0.51
204	314	0.96
204	320	0.83
204	327	0.97
204	1515	0.99
204	209	0.97
204	2061	0.36
204	291	0.99
204	231	0.4
204	331	0.99
204	219	0.99
205	311	0.99
205	314	0.99
205	316	0.99
205	323	0.3
205	208	0.99
205	329	0.7
205	324	0.99
205	322	0.99
205	326	0.5
206	458	0.3
206	1204	0.74
207	235	0.59
207	792	0.59
207	705	0.56
207	366	0.85
207	253	0.6
207	1711	0.6
207	1799	0.99
207	761	0.29
207	1938	0.29
208	311	0.99
208	314	0.99
208	316	0.94
208	374	0.99
208	1708	0.29
208	846	0.66
208	329	0.86
208	373	0.99
208	1261	0.48
208	324	0.99
208	446	0.64
208	325	0.36
208	322	0.96
208	326	0.5
208	1529	0.98
208	226	0.63
209	314	0.34
209	320	0.99
209	327	0.99
209	445	0.9
209	1515	0.88
209	219	0.97
209	291	0.97
209	231	0.99
210	573	0.29
210	842	0.4
211	867	0.58
211	2013	0.3
211	2183	0.99
211	2184	0.64
211	2005	0.99
211	1472	0.88
211	2185	0.99
211	2186	0.99
211	2187	0.97
212	458	0.74
212	1038	0.65
212	1480	0.29
212	1122	0.39
212	587	0.29
212	1170	0.39
212	1562	0.29
212	971	0.39
212	2251	0.39
212	697	0.39
212	2253	0.39
212	2254	0.39
212	2255	0.39
213	702	0.4
214	335	0.36
214	1073	0.5
214	302	0.97
214	1399	0.34
214	1750	0.99
214	667	0.98
214	1751	0.99
214	1834	0.36
214	1245	0.99
214	1753	0.99
215	865	0.29
215	401	0.99
215	307	0.36
215	1223	0.75
216	649	0.7
216	629	0.76
216	309	0.3
216	281	0.48
216	868	0.51
216	360	0.3
216	486	0.99
216	1398	0.99
216	1399	0.3
216	845	0.92
216	1400	0.83
216	308	0.3
216	1401	0.3
216	1402	0.28
216	1403	0.3
216	500	0.36
216	863	0.91
216	1404	0.85
216	446	0.76
216	591	0.72
216	707	0.56
216	1405	0.75
216	457	0.59
217	1197	0.95
217	702	0.33
217	998	0.3
217	842	0.8
217	1216	0.3
217	2013	0.51
217	926	0.33
217	2297	0.33
217	2298	0.32
217	1654	0.8
217	303	0.74
217	1788	0.8
217	2342	0.8
217	2343	0.33
217	2344	0.51
217	2345	0.32
217	2346	0.33
217	383	0.3
217	2347	0.83
217	1185	0.51
217	305	0.83
217	2348	0.53
217	1924	0.53
217	2349	0.33
218	2353	0.4
219	314	0.93
219	1002	0.99
219	320	0.99
219	327	0.99
219	1515	0.9
219	2061	0.32
219	291	0.28
219	231	0.99
219	331	0.64
220	392	0.84
220	1624	0.96
220	445	0.99
220	243	0.94
220	1626	0.99
220	1627	0.98
220	1634	0.99
220	1649	0.99
220	1629	0.96
220	1630	0.99
220	1631	0.88
220	1414	0.99
220	396	0.94
220	1628	0.99
221	311	0.99
221	312	0.87
221	313	0.94
221	314	0.97
221	315	0.3
221	316	0.95
221	813	0.99
221	317	0.97
221	320	0.86
221	327	0.99
221	1516	0.32
222	1282	0.5
222	1283	0.99
222	1284	0.99
222	250	0.87
222	1183	0.84
222	1297	0.55
222	1139	0.99
222	952	0.71
222	1286	0.99
222	1033	0.99
222	1288	0.99
222	1136	0.97
222	1293	0.77
223	1177	0.99
223	1178	0.32
223	1179	0.32
224	242	0.99
224	239	0.99
224	240	0.7
224	241	0.99
224	745	0.68
224	248	0.7
224	225	0.85
225	249	0.41
225	242	0.99
225	1006	0.86
225	555	0.58
225	239	0.99
225	240	0.99
225	241	0.7
225	1511	0.28
225	838	0.99
225	411	0.77
225	1709	0.38
225	248	0.69
226	311	0.99
226	314	0.98
226	316	0.99
226	322	0.55
226	446	0.58
226	323	0.77
226	325	0.39
227	341	0.58
227	360	0.3
227	361	0.29
227	362	0.66
227	363	0.3
227	364	0.3
227	365	0.52
227	366	0.3
227	367	0.37
227	368	0.29
227	369	0.3
227	244	0.34
227	370	0.4
227	371	0.41
227	372	0.36
227	373	0.99
227	374	0.96
227	375	0.76
227	269	0.29
227	376	0.3
227	377	0.64
227	378	0.59
227	379	0.64
227	380	0.61
227	381	0.64
227	382	0.64
227	383	0.77
227	384	0.64
227	385	0.41
227	386	0.59
227	387	0.46
227	388	0.64
227	389	0.59
228	704	0.99
228	706	0.99
228	276	0.68
228	1103	0.77
228	1104	0.82
228	1040	0.97
228	1105	0.75
228	280	0.94
228	1107	0.63
228	1108	0.99
228	1112	0.97
228	365	0.96
228	1117	0.97
228	1116	0.99
228	1110	0.99
228	1120	0.99
228	1028	0.99
228	1109	0.94
228	1012	0.94
229	384	0.41
229	373	0.48
229	846	0.7
230	274	0.98
230	701	0.34
230	1180	0.79
230	236	0.99
230	1181	0.99
231	314	0.99
231	327	0.99
231	291	0.93
231	331	0.62
233	750	0.3
233	250	0.29
233	503	0.3
234	235	0.64
234	458	0.55
234	460	0.64
234	461	0.75
234	464	0.64
234	465	0.75
234	356	0.49
234	298	0.64
234	456	0.64
234	633	0.64
234	249	0.66
234	865	0.83
234	366	0.56
234	836	0.64
234	1197	0.36
234	1073	0.31
234	997	0.5
234	710	0.56
234	998	0.71
234	842	0.75
234	363	0.56
234	610	0.66
234	489	0.66
234	484	0.58
234	1785	0.73
234	587	0.56
234	1581	0.3
234	989	0.36
234	699	0.66
234	2206	0.36
234	1550	0.66
234	1219	0.31
234	2135	0.36
234	2080	0.36
234	1619	0.68
234	479	0.98
234	2417	0.75
234	745	0.31
234	2418	0.58
234	2022	0.31
234	2419	0.31
234	1620	0.31
234	1564	0.81
235	304	0.98
235	481	0.29
235	340	0.66
235	482	0.39
235	278	0.99
235	483	0.59
235	484	0.98
235	485	0.83
235	406	0.99
235	486	0.99
235	487	0.43
235	368	0.74
235	488	0.99
235	489	0.94
235	490	0.99
235	244	0.34
235	385	0.99
235	491	0.98
235	492	0.77
235	493	0.3
235	494	0.77
235	495	0.76
235	496	0.68
235	497	0.76
235	498	0.57
235	499	0.61
235	500	0.71
235	501	0.68
235	502	0.3
235	503	0.35
235	504	0.68
235	505	0.68
235	506	0.91
235	507	0.61
235	508	0.61
235	271	0.68
236	274	0.82
236	1306	0.98
237	1037	0.39
237	2483	0.38
237	1570	0.3
237	1231	0.86
238	340	0.99
238	378	0.59
239	1038	0.3
239	1170	0.3
239	241	0.98
239	413	0.53
239	1116	0.77
239	693	0.99
239	258	0.29
239	744	0.97
239	365	0.35
239	355	0.68
240	249	0.54
240	861	0.97
240	555	0.87
240	1171	0.39
240	863	0.81
240	997	0.38
240	862	0.99
240	261	0.99
240	1172	0.77
241	458	0.96
241	1006	0.63
241	1173	0.37
241	726	0.76
241	1174	0.3
241	782	0.49
241	529	0.3
241	1175	0.3
241	1176	0.29
242	827	0.52
242	828	0.94
242	333	0.87
243	330	0.75
243	392	0.98
243	1624	0.96
243	445	0.97
243	1650	0.29
243	1649	0.64
243	1626	0.94
243	1450	0.87
243	1627	0.77
243	1628	0.96
243	1629	0.87
243	1631	0.99
243	1414	0.94
243	1651	0.94
243	396	0.99
243	1652	0.42
244	304	0.32
244	792	0.34
244	705	0.34
244	335	0.43
244	1054	0.34
244	1480	0.32
244	1785	0.34
244	2426	0.63
245	2457	0.4
246	2169	0.68
247	1345	0.51
247	1346	0.76
247	1347	0.77
247	828	0.72
247	1348	0.72
247	1355	0.83
247	1126	0.8
247	1354	0.38
248	1584	0.7
249	438	0.99
249	743	0.51
249	629	0.5
249	309	0.34
249	441	0.28
249	442	0.97
249	444	0.99
250	1282	0.78
250	1285	0.86
250	1139	0.99
250	952	0.98
250	1293	0.59
250	1297	0.8
250	1576	0.31
250	1286	0.99
250	1288	0.99
250	1136	0.42
250	1183	0.86
250	1577	0.68
251	472	0.58
251	1107	0.36
251	337	0.7
251	1135	0.88
252	831	0.99
252	264	0.29
253	465	0.45
253	298	0.85
253	633	0.82
253	1305	0.89
253	262	0.41
253	410	0.99
253	411	0.94
253	1599	0.29
253	359	0.9
253	1484	0.99
253	1314	0.46
253	292	0.99
253	577	0.39
254	632	0.34
254	366	0.29
254	255	0.29
254	695	0.29
256	459	0.64
256	356	0.66
256	629	0.66
256	309	0.88
256	1073	0.99
256	600	0.67
257	336	0.62
257	1757	0.41
258	346	0.29
258	842	0.39
258	1798	0.29
258	1735	0.39
258	466	0.29
258	2105	0.29
258	2453	0.39
258	2153	0.39
258	2454	0.39
259	1502	0.66
259	1927	0.59
259	1928	0.79
261	704	0.99
261	706	0.99
262	298	0.3
262	705	0.49
262	366	0.43
262	766	0.3
262	998	0.39
262	840	0.77
262	1549	0.95
262	293	0.94
262	1551	0.84
262	1560	0.39
262	264	0.29
262	1561	0.39
262	1562	0.29
262	486	0.29
262	1563	0.39
262	1026	0.29
262	1564	0.29
262	1466	0.3
263	1197	0.83
263	842	0.68
263	485	0.91
263	2124	0.33
263	2175	0.32
263	2176	0.32
263	2177	0.33
263	2178	0.32
264	366	0.99
264	470	0.29
264	1032	0.29
264	1609	0.29
265	2137	0.77
265	1894	0.99
265	1664	0.52
266	396	0.41
266	296	0.48
267	555	0.67
267	2005	0.48
267	1344	0.99
268	1415	0.27
268	1016	0.32
268	1547	0.32
268	2013	0.31
268	1708	0.33
268	2064	0.32
268	2065	0.32
268	2066	0.53
268	2067	0.32
268	2068	0.3
269	773	0.4
269	374	0.3
269	1073	0.4
269	566	0.29
269	573	0.29
269	848	0.29
269	333	0.41
269	373	0.65
269	446	0.77
269	1975	0.29
270	1058	0.59
270	608	0.66
270	1643	0.99
271	705	0.7
271	694	0.68
271	1779	0.68
271	745	0.68
271	767	0.68
272	392	0.77
272	393	0.88
272	394	0.64
272	395	0.77
272	396	0.43
273	941	0.68
274	556	0.32
274	1038	0.45
274	1304	0.34
274	702	0.45
274	1180	0.45
274	1305	0.36
274	370	0.44
274	1306	0.63
275	734	0.99
275	738	0.3
275	735	0.48
275	739	0.58
275	737	0.99
275	337	0.45
275	740	0.66
275	532	0.99
275	634	0.64
275	736	0.75
276	1111	0.32
276	1102	0.69
276	1104	0.97
276	1040	0.58
276	1112	0.93
276	1113	0.32
276	1107	0.94
276	1114	0.91
276	1110	0.97
276	1108	0.31
276	1028	0.95
276	1115	0.32
276	1109	0.98
276	1012	0.31
276	280	0.98
276	365	0.99
276	1116	0.32
276	1117	0.68
277	1235	0.91
277	1301	0.32
277	1441	0.32
277	1925	0.91
277	1926	0.8
278	691	0.99
278	877	0.63
279	459	0.4
279	1222	0.77
279	1058	0.79
279	289	0.56
279	1071	0.58
280	1102	0.28
280	1103	0.76
280	1104	0.83
280	1040	0.92
280	1105	0.98
280	1118	0.34
280	1107	0.99
280	1117	0.5
280	1110	0.98
280	1108	0.59
280	1120	0.99
280	1028	0.99
280	1109	0.94
280	1012	0.99
280	365	0.89
280	1116	0.92
281	467	0.99
281	630	0.99
281	805	0.77
281	1068	0.28
281	1069	0.36
281	762	0.99
281	1070	0.68
281	868	0.3
281	634	0.56
281	1071	0.58
282	1302	0.81
283	366	0.3
283	1251	0.29
284	343	0.6
284	649	0.62
284	306	0.7
284	357	0.99
284	1848	0.52
284	1849	0.73
284	1850	0.4
284	1185	0.29
284	385	0.99
284	1851	0.41
284	1852	0.68
284	452	0.69
284	386	0.69
285	776	0.69
286	706	0.47
286	634	0.41
286	403	0.96
286	425	0.99
286	455	0.99
286	1569	0.64
286	1570	0.64
286	1571	0.64
286	1288	0.63
286	875	0.64
286	1572	0.63
286	1573	0.64
286	540	0.36
286	1043	0.64
287	573	0.29
287	1826	0.39
288	1488	0.94
288	1490	0.39
288	1489	0.98
289	459	0.38
289	1058	0.9
289	1274	0.39
289	2102	0.59
289	2119	0.3
289	2120	0.38
289	2121	0.59
289	1964	0.36
289	1071	0.9
290	465	0.84
290	298	0.3
290	633	0.3
290	691	0.3
290	366	0.3
290	1415	0.29
290	610	0.74
290	1865	0.82
291	314	0.98
291	704	0.99
291	706	0.95
291	866	0.64
291	366	0.31
291	1335	0.69
291	320	0.69
291	327	0.93
291	1515	0.83
291	2061	0.34
291	331	0.94
291	493	0.68
292	634	0.86
292	710	0.53
292	1453	0.34
292	410	0.52
292	489	0.46
292	336	0.44
292	2132	0.4
292	1893	0.4
292	1484	0.99
292	2365	0.41
292	602	0.72
292	879	0.53
293	337	0.28
293	1549	0.99
293	1558	0.4
293	1559	0.74
294	465	0.77
294	1415	0.99
294	1865	0.99
295	1341	0.52
295	1342	0.83
295	1312	0.84
295	1511	0.36
295	1996	0.99
295	1997	0.49
295	844	0.68
296	573	0.67
296	1058	0.76
296	878	0.98
296	1777	0.59
296	1748	0.59
296	1778	0.53
296	1779	0.93
298	632	0.43
298	633	0.29
298	634	0.3
300	773	0.45
300	1191	0.31
300	2008	0.31
300	1758	0.31
301	867	0.77
301	350	0.34
301	1277	0.77
301	1278	0.77
301	1279	0.77
301	1280	0.77
301	1281	0.75
301	767	0.61
302	1349	0.39
302	1317	0.48
302	1750	0.99
302	667	0.98
302	1751	0.99
302	1752	0.37
302	1245	0.83
302	1753	0.94
302	504	0.36
302	1275	0.63
303	1457	0.38
303	483	0.88
304	632	0.34
304	470	0.29
304	485	0.55
304	487	0.94
304	700	0.29
304	368	0.72
304	701	0.64
304	702	0.89
304	703	0.87
304	489	0.64
304	704	0.99
304	705	0.82
304	706	0.83
304	492	0.85
304	340	0.99
304	358	0.98
304	707	0.96
304	708	0.99
304	494	0.77
304	709	0.63
304	506	0.79
306	773	0.36
308	630	0.36
308	1028	0.32
308	1090	0.33
308	2023	0.45
309	511	0.5
309	761	0.39
309	762	0.75
309	707	0.49
310	337	0.35
310	842	0.34
310	401	0.72
311	317	0.94
311	319	0.99
311	312	0.97
311	313	0.97
311	320	0.87
311	321	0.99
311	322	0.97
311	316	0.99
311	323	0.77
311	314	0.86
311	324	0.99
311	315	0.99
311	325	0.29
311	326	0.99
311	318	0.69
312	317	0.99
312	314	0.99
312	327	0.99
312	316	0.99
312	313	0.45
312	320	0.85
312	328	0.3
312	315	0.99
312	318	0.36
313	317	0.99
313	316	0.99
313	314	0.92
313	315	0.85
313	318	0.69
314	317	0.99
314	323	0.3
314	320	0.99
314	329	0.99
314	324	0.99
314	327	0.81
314	322	0.97
314	326	0.5
314	330	0.75
314	316	0.99
314	315	0.55
314	331	0.48
315	317	0.96
315	336	0.69
315	337	0.28
315	327	0.74
315	316	0.94
316	317	0.99
316	319	0.99
316	323	0.85
316	329	0.99
316	320	0.99
316	338	0.51
316	324	0.99
316	325	0.64
316	339	0.39
316	322	0.97
316	326	0.99
316	340	0.97
316	318	0.69
316	330	0.6
317	813	0.99
317	320	0.99
317	327	0.64
318	430	0.3
318	459	0.76
318	356	0.99
318	566	0.29
318	545	0.62
318	468	0.29
318	470	0.41
318	616	0.34
318	617	0.92
318	623	0.73
318	800	0.37
318	625	0.99
318	592	0.28
318	1358	0.84
318	1359	0.85
318	534	0.3
318	620	0.3
318	370	0.99
318	622	0.59
318	376	0.74
318	1360	0.36
318	1361	0.36
318	1060	0.69
318	1362	0.36
318	327	0.67
318	1363	0.36
318	1364	0.36
318	1365	0.78
319	340	0.63
319	566	0.99
319	321	0.99
320	1515	0.81
320	327	0.99
321	566	0.69
322	329	0.97
322	324	0.99
322	323	0.3
322	365	0.56
322	325	0.3
322	326	0.55
322	1709	0.62
323	329	0.77
323	324	0.41
324	329	0.99
324	325	0.67
324	326	0.98
326	867	0.34
326	330	0.4
326	329	0.97
328	1054	0.39
328	412	0.94
328	2366	0.29
328	2367	0.55
328	2368	0.4
330	743	0.73
330	747	0.93
330	521	0.83
330	751	0.77
330	752	0.57
330	753	0.96
330	754	0.79
330	756	0.9
330	820	0.39
330	1450	0.28
330	1451	0.91
330	758	0.59
331	1328	0.99
331	1329	0.99
331	1515	0.58
331	385	0.99
332	1227	0.31
333	363	0.29
333	1031	0.35
333	1587	0.77
334	705	0.71
334	1410	0.64
334	1570	0.63
335	864	0.3
335	350	0.64
335	878	0.99
335	879	0.77
335	880	0.99
335	881	0.61
336	433	0.3
336	1443	0.99
336	1757	0.93
337	939	0.39
337	634	0.61
337	1373	0.64
337	878	0.88
337	400	0.48
337	534	0.39
337	1478	0.37
337	707	0.77
337	1479	0.98
337	570	0.39
337	498	0.91
337	1480	0.64
337	457	0.62
337	1481	0.64
337	1482	0.63
338	1872	0.8
338	1952	0.99
338	1954	0.72
339	851	0.29
339	2492	0.4
340	632	0.34
340	485	0.41
340	613	0.32
340	710	0.98
340	492	0.95
340	708	0.94
340	711	0.76
340	488	0.97
340	706	0.99
340	712	0.99
340	494	0.77
340	506	0.77
341	342	0.99
341	343	0.99
341	344	0.99
341	345	0.55
341	346	0.78
341	347	0.93
341	348	0.7
341	349	0.36
341	350	0.49
341	351	0.74
342	352	0.3
342	344	0.99
342	353	0.3
342	354	0.36
342	346	0.93
342	347	0.99
342	355	0.99
342	356	0.66
343	344	0.99
343	357	0.6
343	347	0.86
344	346	0.99
344	358	0.39
344	351	0.74
345	359	0.99
348	390	0.98
348	391	0.28
350	459	0.56
350	449	0.36
350	1232	0.99
350	1233	0.99
350	1234	0.99
350	1073	0.61
350	1235	0.99
350	1236	0.97
350	634	0.3
350	566	0.97
350	545	0.77
350	766	0.99
350	1237	0.99
350	621	0.74
350	803	0.63
350	426	0.64
352	534	0.39
353	446	0.67
356	459	0.72
356	468	0.3
356	470	0.29
356	616	0.31
356	617	0.98
356	618	0.8
356	525	0.29
356	619	0.3
356	620	0.41
356	621	0.31
356	370	0.79
356	592	0.99
356	566	0.88
356	622	0.66
356	623	0.69
356	624	0.71
356	368	0.56
356	625	0.99
356	626	0.31
356	627	0.76
356	628	0.62
358	459	0.64
358	829	0.76
358	511	0.99
358	702	0.36
358	1798	0.33
358	1778	0.28
358	808	0.39
358	523	0.3
358	2230	0.3
358	2119	0.28
358	2231	0.65
358	2232	0.54
359	829	0.97
359	805	0.75
359	1989	0.99
359	1466	0.31
360	573	0.29
360	1063	0.39
360	1362	0.8
360	384	0.39
360	1360	0.83
361	634	0.74
361	1453	0.39
361	363	0.29
362	556	0.99
362	940	0.39
362	1466	0.29
363	458	0.41
363	773	0.4
363	374	0.3
363	634	0.41
363	702	0.4
363	573	0.29
363	848	0.29
363	1480	0.29
363	1373	0.31
364	1232	0.3
364	1953	0.4
364	1877	0.98
365	1006	0.55
365	1102	0.69
365	1103	0.9
365	1040	0.97
365	1105	0.87
365	1107	0.9
365	1108	0.86
365	1109	0.96
365	1012	0.6
365	1112	0.99
365	1114	0.89
365	1110	0.99
365	1116	0.99
365	1798	0.69
365	413	0.68
365	1950	0.63
365	1120	0.83
365	1117	0.73
365	2073	0.35
366	1124	0.3
366	1125	0.44
366	1126	0.37
366	405	0.37
366	1127	0.29
366	1128	0.43
366	524	0.3
366	687	0.29
366	1129	0.3
366	1130	0.3
366	784	0.3
366	1131	0.3
366	1132	0.3
366	1133	0.34
366	1134	0.34
366	1135	0.3
366	370	0.44
366	1136	0.29
366	1137	0.34
366	1138	0.3
366	1012	0.3
366	626	0.3
367	1160	0.82
367	1376	0.98
367	1377	0.98
367	1870	0.93
367	1944	0.61
368	1988	0.32
368	2331	0.32
369	846	0.4
369	2362	0.29
370	649	0.29
370	630	0.44
370	702	0.49
370	573	0.4
370	489	0.4
370	1494	0.94
370	863	0.4
370	592	0.79
371	1798	0.29
371	2116	0.39
371	940	0.29
371	2460	0.39
371	2461	0.39
371	880	0.29
372	1377	0.35
372	1961	0.66
372	620	0.4
372	1962	0.3
373	374	0.97
373	1244	0.4
373	1031	0.99
373	553	0.98
373	1032	0.65
373	1035	0.77
373	1190	0.4
374	509	0.77
374	1029	0.3
374	1030	0.3
374	1031	0.56
374	553	0.54
374	1032	0.41
374	1033	0.56
374	1034	0.33
374	417	0.3
374	786	0.29
374	1035	0.59
374	634	0.94
374	626	0.74
375	1036	0.99
375	1044	0.86
376	773	0.4
376	573	0.29
377	403	0.54
377	1564	0.99
377	495	0.62
378	1919	0.99
378	1920	0.99
378	1242	0.59
378	1921	0.87
379	2142	0.61
380	1236	0.76
380	2019	0.75
380	1406	0.99
380	2400	0.76
380	767	0.76
381	2134	0.78
381	2544	0.77
382	1058	0.88
382	1059	0.77
382	498	0.88
382	618	0.59
382	1060	0.95
382	433	0.99
382	1062	0.77
382	1065	0.77
382	1643	0.92
382	605	0.33
383	767	0.61
384	786	0.39
384	1053	0.36
385	706	0.94
385	634	0.51
385	1328	0.99
385	1329	0.99
385	554	0.53
386	1216	0.39
387	991	0.98
387	747	0.97
387	1419	0.98
387	994	0.99
387	997	0.99
387	710	0.98
387	757	0.99
387	999	0.99
387	1000	0.97
387	1437	0.59
387	1423	0.99
387	996	0.98
387	1430	0.98
387	1431	0.99
387	729	0.99
387	1424	0.99
387	1001	0.99
387	1351	0.43
387	758	0.99
387	1425	0.93
387	1432	0.95
387	1452	0.36
387	1433	0.93
388	2271	0.77
388	2143	0.99
388	2273	0.99
388	2274	0.77
389	630	0.93
389	1050	0.84
389	1051	0.79
389	1052	0.61
389	457	0.62
390	634	0.92
390	687	0.99
392	769	0.63
392	478	0.43
392	1339	0.3
392	1624	0.77
392	1625	0.4
392	445	0.98
392	527	0.41
392	1626	0.98
392	1627	0.74
392	1628	0.98
392	1629	0.98
392	1630	0.98
392	1631	0.84
392	1414	0.97
392	1632	0.3
392	1633	0.39
392	396	0.97
393	1034	0.69
393	1801	0.34
393	1802	0.34
393	1803	0.99
394	1213	0.66
394	1509	0.66
394	941	0.69
395	458	0.41
395	1038	0.4
395	1827	0.4
395	2516	0.77
396	1624	0.99
396	1625	0.4
396	445	0.99
396	1626	0.94
396	1627	0.99
396	1628	0.93
396	1629	0.94
396	1630	0.94
396	1631	0.84
396	1414	0.97
396	1634	0.99
396	1649	0.99
396	1651	0.99
396	577	0.3
396	807	0.74
396	1663	0.63
396	1664	0.29
396	1450	0.95
396	1665	0.3
396	1666	0.39
396	879	0.29
396	1667	0.63
396	1652	0.9
396	1668	0.63
396	1669	0.68
397	398	0.64
397	399	0.58
397	400	0.66
398	401	0.31
398	402	0.62
399	2306	0.66
399	2080	0.68
400	630	0.59
401	938	0.69
401	1160	0.99
401	1798	0.31
401	843	0.31
401	1903	0.43
401	1904	0.99
401	1905	0.54
401	1906	0.99
401	1320	0.35
401	1907	0.72
401	1908	0.34
401	1909	0.68
401	1910	0.68
402	603	0.98
402	561	0.64
402	1300	0.29
403	1565	0.51
403	425	0.99
403	1566	0.51
403	455	0.99
403	1567	0.52
403	1568	0.59
405	654	0.39
405	660	0.94
405	661	0.64
405	573	0.3
405	1211	0.75
405	1875	0.96
405	2105	0.96
405	2106	0.99
405	2107	0.44
405	2108	0.99
405	2109	0.99
405	2110	0.94
405	2111	0.78
405	2112	0.96
405	2113	0.7
406	610	0.66
406	489	0.59
406	1581	0.4
406	411	0.99
406	415	0.99
407	743	0.99
407	747	0.89
407	521	0.94
407	411	0.83
407	753	0.99
407	754	0.99
407	756	0.99
407	758	0.67
408	780	0.4
408	2135	0.99
409	530	0.87
409	1617	0.66
411	860	0.99
411	415	0.99
411	412	0.68
412	416	0.99
413	1053	0.34
415	860	0.99
417	458	0.3
417	773	0.4
417	566	0.29
417	1499	0.4
417	1547	0.4
417	1641	0.29
417	853	0.29
417	485	0.29
418	459	0.56
418	2379	0.37
419	840	0.9
419	1774	0.29
421	1749	0.3
421	1836	0.39
422	956	0.94
422	957	0.97
422	958	0.99
422	574	0.98
422	959	0.98
422	960	0.99
422	961	0.99
422	962	0.99
422	576	0.99
422	774	0.99
422	963	0.96
422	964	0.99
422	985	0.84
422	965	0.99
423	1053	0.99
425	455	0.99
426	566	0.64
426	2215	0.61
427	428	0.99
427	429	0.73
427	430	0.6
427	431	0.3
427	432	0.99
428	433	0.76
428	432	0.99
428	434	0.86
429	431	0.82
429	435	0.76
430	436	0.4
431	1223	0.39
431	435	0.98
431	2225	0.4
432	876	0.68
433	472	0.99
433	1055	0.99
433	1058	0.99
433	1059	0.99
433	498	0.99
433	608	0.99
433	618	0.99
433	1060	0.99
433	1061	0.96
433	605	0.99
433	1062	0.99
433	917	0.35
433	1642	0.99
433	1735	0.51
433	1065	0.99
433	1066	0.88
433	1643	0.99
433	1646	0.99
433	1748	0.7
434	793	0.99
434	1058	0.7
434	608	0.66
434	1643	0.99
434	605	0.98
434	1535	0.71
436	1106	0.45
437	438	0.83
437	439	0.63
438	440	0.31
438	441	0.66
438	442	0.77
438	443	0.79
438	444	0.99
438	445	0.55
439	2559	0.61
440	2049	0.36
440	1534	0.39
441	555	0.67
442	444	0.99
442	763	0.7
443	1899	0.84
443	2219	0.39
445	704	0.33
445	1624	0.99
445	1634	0.97
445	1649	0.96
445	1626	0.99
445	1627	0.97
445	1628	0.99
445	1629	0.99
445	1630	0.99
445	1631	0.99
445	1414	0.99
446	958	0.29
446	1038	0.31
446	634	0.9
446	621	0.74
446	1765	0.62
446	874	0.94
446	1031	0.99
446	553	0.99
446	466	0.6
446	820	0.29
446	786	0.29
446	1373	0.64
446	1922	0.3
446	1035	0.66
446	1027	0.66
446	707	0.36
446	1564	0.98
446	477	0.29
446	626	0.77
446	1266	0.64
446	1050	0.65
446	1923	0.7
446	1709	0.78
446	457	0.78
446	1924	0.64
448	2507	0.45
449	764	0.99
449	765	0.29
449	766	0.36
449	767	0.67
450	1633	0.76
450	1058	0.61
450	1662	0.95
450	1838	0.74
450	1839	0.57
451	2199	0.99
452	542	0.69
452	2547	0.78
452	2548	0.64
454	831	0.3
454	511	0.79
454	1487	0.91
454	1520	0.62
456	459	0.97
456	470	0.29
456	573	0.76
456	635	0.83
456	636	0.72
456	637	0.32
456	507	0.31
457	640	0.61
457	629	0.62
457	793	0.62
457	1006	0.78
457	630	0.62
457	634	0.59
457	687	0.78
457	1480	0.63
457	1641	0.78
457	1127	0.76
457	1950	0.78
457	719	0.62
457	775	0.76
457	1153	0.78
457	2381	0.61
457	2393	0.62
457	668	0.61
457	2407	0.59
457	2408	0.63
457	1148	0.62
457	2511	0.59
457	2519	0.62
457	2076	0.59
457	1405	0.62
457	2552	0.62
457	2553	0.62
457	2554	0.62
457	2555	0.59
457	2556	0.78
458	509	0.36
458	467	0.99
458	510	0.3
458	511	0.44
458	468	0.92
458	470	0.41
458	512	0.74
458	513	0.34
458	514	0.3
458	515	0.99
458	516	0.99
458	517	0.99
458	518	0.44
458	472	0.99
458	466	0.99
458	519	0.3
458	520	0.38
458	521	0.66
458	459	0.58
458	522	0.72
458	523	0.39
458	524	0.29
458	525	0.3
458	473	0.66
458	526	0.3
458	527	0.59
458	528	0.47
458	529	0.3
458	530	0.43
458	531	0.3
458	532	0.99
458	533	0.51
458	534	0.3
458	474	0.76
458	535	0.34
458	536	0.74
458	475	0.99
458	537	0.3
458	538	0.3
458	476	0.3
458	539	0.39
458	540	0.53
458	541	0.3
458	471	0.59
458	542	0.49
458	543	0.64
458	544	0.78
458	545	0.78
459	546	0.67
459	547	0.67
459	548	0.64
459	511	0.72
459	549	0.94
459	550	0.64
459	470	0.74
459	551	0.3
459	552	0.63
459	553	0.58
459	472	0.56
459	554	0.4
459	555	0.93
459	556	0.74
459	507	0.3
459	557	0.98
459	523	0.77
459	558	0.67
459	559	0.62
459	534	0.3
459	560	0.67
459	561	0.56
459	562	0.64
459	563	0.41
459	475	0.64
459	564	0.74
459	565	0.77
459	566	0.64
459	491	0.67
459	476	0.67
459	567	0.64
459	568	0.93
459	569	0.34
459	570	0.3
459	571	0.67
459	572	0.77
460	573	0.41
460	532	0.98
461	516	0.41
461	574	0.33
461	575	0.36
461	576	0.3
461	577	0.65
464	470	0.77
464	575	0.99
464	602	0.4
465	603	0.32
465	604	0.46
465	605	0.36
465	606	0.46
465	607	0.53
465	608	0.48
465	500	0.68
465	609	0.4
465	610	0.66
465	611	0.53
465	612	0.48
465	613	0.84
465	614	0.49
465	615	0.33
466	1814	0.52
466	1941	0.69
466	2085	0.98
467	1045	0.99
467	630	0.99
467	472	0.64
467	762	0.99
467	1046	0.99
469	1457	0.99
469	1463	0.97
469	483	0.55
469	1603	0.99
469	1604	0.99
469	1257	0.7
470	629	0.3
470	555	0.3
470	1233	0.29
470	610	0.29
470	489	0.3
470	1608	0.74
470	557	0.3
471	517	0.99
472	629	0.66
472	1053	0.28
472	1054	0.66
472	555	0.77
472	578	0.74
472	1055	0.99
472	1056	0.68
472	1020	0.88
472	1057	0.3
472	1058	0.71
472	1059	0.99
472	605	0.99
472	485	0.99
472	608	0.39
472	1060	0.99
472	1061	0.35
472	600	0.77
472	1062	0.99
472	1063	0.37
472	475	0.97
472	1064	0.75
472	1065	0.53
472	1066	0.99
472	1067	0.99
473	1229	0.74
474	2415	0.33
474	2416	0.33
475	630	0.66
475	485	0.99
475	2062	0.7
477	1950	0.29
477	2528	0.39
480	1432	0.57
480	2355	0.61
480	1072	0.61
480	1195	0.61
480	2537	0.61
480	881	0.61
483	866	0.3
483	1603	0.7
483	489	0.3
483	824	0.49
484	710	0.29
485	1078	0.28
485	1391	0.29
485	2031	0.74
485	2034	0.29
485	2035	0.39
486	507	0.93
486	1398	0.73
486	1900	0.99
487	702	0.36
487	489	0.58
487	502	0.66
487	1612	0.75
487	1857	0.36
488	1150	0.41
488	587	0.99
488	2080	0.99
488	1659	0.65
489	687	0.3
489	502	0.99
489	1611	0.63
489	1484	0.36
489	534	0.29
489	1612	0.27
489	701	0.68
489	1613	0.36
489	1614	0.97
489	1314	0.46
489	1615	0.3
489	1616	0.87
489	694	0.68
490	492	0.95
491	557	0.89
491	1051	0.61
492	610	0.29
493	1006	0.77
493	805	0.95
493	2521	0.63
494	911	0.86
494	1079	0.98
494	1089	0.68
494	669	0.34
494	702	0.84
494	675	0.41
494	710	0.31
494	502	0.31
494	1795	0.64
494	1274	0.32
494	918	0.6
494	1083	0.78
494	1086	0.7
494	2080	0.45
494	1659	0.45
494	708	0.41
494	2081	0.45
494	712	0.77
494	919	0.75
495	1866	0.77
495	694	0.59
496	632	0.32
496	694	0.68
497	696	0.59
497	2149	0.59
497	2546	0.77
498	659	0.57
498	1055	0.99
498	1058	0.99
498	605	0.99
498	618	0.99
498	1060	0.99
498	1061	0.96
498	1646	0.93
498	1716	0.57
498	1717	0.57
498	1718	0.57
498	1719	0.59
498	1720	0.57
498	698	0.57
498	1721	0.57
498	608	0.95
498	623	0.57
498	1722	0.57
498	1723	0.57
498	1724	0.59
498	1610	0.59
498	1189	0.57
498	528	0.59
498	1725	0.57
498	995	0.57
498	1726	0.57
498	1727	0.57
498	1062	0.9
498	1728	0.57
498	1729	0.57
498	1730	0.57
498	1581	0.73
498	1731	0.71
498	1732	0.59
498	1066	0.77
498	1643	0.95
498	1733	0.78
498	1734	0.57
499	838	0.78
500	704	0.99
500	706	0.85
500	610	0.79
500	978	0.68
500	1860	0.68
500	1861	0.68
500	1862	0.57
500	503	0.99
500	1863	0.52
500	694	0.98
500	1864	0.99
500	1865	0.63
500	1866	0.67
501	504	0.69
502	1786	0.99
502	1614	0.95
503	1811	0.99
503	1867	0.29
503	1868	0.29
503	1869	0.89
503	1864	0.99
504	699	0.7
505	699	0.69
506	1233	0.77
506	766	0.61
506	687	0.59
506	1680	0.57
506	1123	0.77
506	1681	0.59
506	1217	0.75
506	1612	0.78
506	1993	0.77
506	2016	0.57
506	612	0.99
506	696	0.57
507	1021	0.77
507	1025	0.85
507	1398	0.99
507	1900	0.68
507	1901	0.85
507	1405	0.78
508	1060	0.77
508	694	0.77
509	1006	0.99
509	1007	0.69
509	1008	0.77
509	1009	0.74
509	1010	0.74
509	1011	0.49
509	1012	0.29
509	1013	0.64
509	1014	0.62
510	574	0.29
510	1143	0.98
510	1144	0.84
510	535	0.85
510	1145	0.3
511	1209	0.35
511	1210	0.68
511	1211	0.3
511	1212	0.34
512	1706	0.65
512	1563	0.4
512	1707	0.3
513	773	0.45
513	1754	0.64
516	739	0.7
516	1216	0.59
518	1078	0.34
518	674	0.5
518	1029	0.44
518	1761	0.49
518	1765	0.97
518	1919	0.44
518	2025	0.79
518	2026	0.45
518	2027	0.99
518	1767	0.99
518	1768	0.98
518	1224	0.83
519	2029	0.41
519	1391	0.85
519	2030	0.4
519	2031	0.3
520	2144	0.45
520	855	0.68
520	1478	0.81
521	743	0.94
521	769	0.48
521	747	0.97
521	748	0.94
521	750	0.81
521	1434	0.72
521	1111	0.68
521	1173	0.6
521	749	0.99
521	1216	0.62
521	751	0.99
521	752	0.89
521	753	0.99
521	754	0.99
521	755	0.94
521	756	0.99
521	757	0.94
521	1422	0.81
521	758	0.71
523	557	0.41
524	1499	0.4
525	1608	0.3
527	769	0.48
527	1529	0.99
527	1653	0.99
527	1369	0.95
528	942	0.99
528	2135	0.99
528	2330	0.99
530	865	0.62
530	2340	0.99
530	2341	0.73
531	1457	0.4
532	734	0.99
532	735	0.98
532	737	0.98
532	738	0.37
532	741	0.37
532	736	0.99
534	1480	0.29
534	2066	0.4
535	1143	0.99
535	1144	0.82
535	1146	0.56
536	828	0.88
536	1348	0.99
537	2037	0.84
537	2106	0.77
538	2492	0.4
539	704	0.35
539	634	0.91
539	1798	0.33
539	927	0.51
539	2228	0.51
539	2229	0.81
540	1707	0.55
540	933	0.36
540	596	0.99
540	2135	0.99
541	1216	0.29
542	743	0.99
542	634	0.68
542	1460	0.45
545	766	0.93
545	790	0.31
546	1090	0.76
547	556	0.99
547	555	0.67
547	867	0.99
548	1202	0.99
549	555	0.59
549	554	0.7
549	1385	0.59
550	555	0.64
550	1510	0.99
550	1511	0.36
550	599	0.62
551	869	0.32
551	1843	0.4
552	573	0.99
552	557	0.99
552	1891	0.75
552	838	0.61
552	1739	0.34
553	634	0.99
553	554	0.97
553	557	0.51
553	1556	0.97
553	2042	0.34
554	558	0.61
554	561	0.39
555	1150	0.39
555	1151	0.98
555	1048	0.39
555	1044	0.46
555	1152	0.3
555	1153	0.33
555	1042	0.56
555	1154	0.6
555	1155	0.3
555	585	0.31
555	560	0.59
555	561	0.64
555	563	0.31
555	1156	0.67
555	1157	0.64
555	565	0.77
555	1158	0.67
555	1071	0.81
555	568	0.37
555	557	0.84
556	864	0.29
556	875	0.99
556	876	0.62
556	561	0.99
556	599	0.78
556	877	0.64
557	1623	0.99
557	558	0.58
557	560	0.99
557	562	0.66
557	565	0.41
557	571	0.45
562	1888	0.92
563	1457	0.44
566	1232	0.99
566	1233	0.99
566	1235	0.99
566	1236	0.99
566	766	0.97
566	1237	0.99
566	627	0.62
568	2477	0.32
568	2512	0.32
569	1091	0.34
569	1591	0.45
569	1095	0.45
569	1694	0.34
569	1097	0.92
569	2517	0.36
570	1373	0.29
572	2532	0.4
572	2139	0.77
573	1030	0.41
573	1127	0.99
573	1389	0.6
573	1390	0.29
573	617	0.41
573	1391	0.29
573	808	0.99
573	1316	0.29
573	1392	0.76
573	786	0.29
573	1393	0.74
573	1394	0.29
573	1395	0.99
573	1396	0.99
573	1397	0.92
573	1351	0.34
574	956	0.97
574	957	0.94
574	958	0.97
574	966	0.99
574	963	0.97
574	975	0.33
574	965	0.32
574	976	0.51
574	977	0.33
574	978	0.51
574	959	0.97
574	960	0.95
574	979	0.33
574	972	0.51
574	980	0.51
574	961	0.98
574	962	0.8
574	576	0.98
574	964	0.98
574	774	0.97
574	974	0.75
575	629	0.98
575	2375	0.38
575	2376	0.94
575	2377	0.49
576	956	0.98
576	957	0.99
576	958	0.98
576	959	0.98
576	960	0.99
576	961	0.99
576	962	0.99
576	966	0.78
576	963	0.98
576	975	0.28
576	965	0.9
576	774	0.99
576	964	0.99
577	2012	0.67
577	2014	0.65
577	2015	0.3
578	600	0.93
578	1458	0.98
578	1056	0.99
578	1460	0.99
578	1461	0.99
578	1459	0.99
578	1517	0.41
580	1563	0.33
581	629	0.4
581	1806	0.86
581	1807	0.99
581	1808	0.99
581	1809	0.99
581	1810	0.99
582	1574	0.99
582	1575	0.86
583	2162	0.39
583	2165	0.29
583	2130	0.73
583	2315	0.39
583	2316	0.99
584	2047	0.77
584	2057	0.99
584	1922	0.69
584	2224	0.68
584	940	0.83
585	1054	0.32
585	1480	0.32
585	1070	0.45
585	805	0.64
585	1072	0.64
585	2393	0.34
585	2394	0.36
586	654	0.99
586	660	0.98
586	661	0.99
586	662	0.99
586	663	0.99
586	684	0.99
586	685	0.99
586	688	0.48
587	727	0.38
587	877	0.75
588	1106	0.45
588	867	0.99
588	1159	0.4
588	1162	0.95
590	710	0.93
590	999	0.92
590	1443	0.97
590	1611	0.6
590	1758	0.59
590	1759	0.64
591	1106	0.53
591	727	0.84
591	2233	0.66
592	1127	0.74
595	1460	0.48
596	704	0.64
596	706	0.64
596	2135	0.99
596	2136	0.64
597	1330	0.3
597	2522	0.78
599	629	0.78
599	780	0.45
599	963	0.3
599	1911	0.59
600	1459	0.36
600	1056	0.77
600	1407	0.63
600	1460	0.77
600	1461	0.77
600	1462	0.64
601	612	0.99
602	2147	0.75
603	1298	0.83
603	1299	0.33
604	1804	0.66
604	651	0.95
604	1805	0.64
605	1055	0.99
605	1058	0.99
605	1059	0.99
605	608	0.99
605	618	0.99
605	1060	0.99
605	1061	0.94
605	1062	0.99
605	1065	0.78
605	1066	0.81
605	1643	0.99
605	1034	0.31
605	1637	0.58
605	1778	0.31
605	1642	0.91
605	1735	0.36
605	1646	0.97
605	1647	0.29
606	2003	0.99
606	1274	0.99
606	1611	0.32
607	1127	0.77
608	1055	0.99
608	1058	0.99
608	1059	0.99
608	618	0.99
608	1060	0.99
608	1061	0.99
608	1062	0.99
608	1735	0.41
608	1065	0.99
608	1066	0.99
608	1643	0.99
608	1646	0.97
609	987	0.4
610	800	0.66
610	619	0.29
610	1610	0.56
610	613	0.41
611	1223	0.32
612	2491	0.98
613	1183	0.29
613	1536	0.29
613	1827	0.4
613	1359	0.39
614	2503	0.86
615	2442	0.32
616	1821	0.45
616	1822	0.45
616	1823	0.45
616	1547	0.36
616	625	0.74
617	2048	0.38
618	1055	0.99
618	1058	0.99
618	1059	0.99
618	1742	0.49
618	1743	0.29
618	1060	0.94
618	1061	0.99
618	1062	0.99
618	1065	0.81
618	1066	0.99
618	1643	0.99
618	1646	0.99
618	1505	0.29
620	625	0.3
620	1840	0.3
621	961	0.31
621	1234	0.32
621	634	0.77
621	966	0.99
621	983	0.99
621	1472	0.36
621	1473	0.63
621	1113	0.45
622	705	0.88
622	866	0.66
622	625	0.67
623	1501	0.29
623	1547	0.4
623	1938	0.3
623	732	0.59
624	753	0.77
624	1371	0.45
625	822	0.77
625	1825	0.32
625	1826	0.33
625	1827	0.32
625	1069	0.8
626	943	0.3
626	846	0.65
626	1950	0.41
626	2361	0.29
626	2531	0.39
627	1232	0.62
627	1236	0.77
627	634	0.76
627	687	0.64
627	1950	0.78
627	1261	0.62
627	707	0.62
627	767	0.59
628	1407	0.61
628	715	0.59
629	760	0.99
630	706	0.7
630	780	0.4
630	819	0.66
630	1047	0.3
630	762	0.97
630	1048	0.88
630	1049	0.56
630	788	0.56
630	707	0.4
630	1050	0.64
630	1051	0.78
630	1052	0.61
631	2479	0.99
632	690	0.65
632	633	0.34
632	691	0.34
632	692	0.52
633	696	0.31
633	697	0.39
633	698	0.29
633	699	0.94
634	916	0.51
634	1248	0.73
634	779	0.74
634	1249	0.64
634	878	0.99
634	820	0.74
634	1032	0.29
634	1250	0.99
634	753	0.64
634	1251	0.3
634	1252	0.99
634	1035	0.59
634	1253	0.51
634	1254	0.8
634	1255	0.53
634	1170	0.3
634	1256	0.3
634	1257	0.62
634	1258	0.51
634	1259	0.3
634	1260	0.51
634	1261	0.29
634	1262	0.3
634	1263	0.73
634	1064	0.64
634	1148	0.98
634	687	0.98
634	1264	0.64
634	1027	0.56
634	1265	0.29
634	1266	0.61
634	1053	0.35
634	1033	0.68
634	1051	0.59
634	1052	0.76
634	1267	0.75
634	1268	0.61
635	636	0.99
636	2459	0.7
637	1091	0.35
637	1092	0.99
637	1097	0.61
637	1487	0.32
637	1940	0.59
638	639	0.3
638	640	0.98
638	641	0.53
638	642	0.68
639	643	0.98
639	640	0.77
639	644	0.75
639	642	0.7
640	644	0.98
640	645	0.95
640	646	0.37
640	641	0.8
640	647	0.78
641	644	0.82
641	643	0.94
641	642	0.7
641	647	0.78
644	866	0.34
648	649	0.99
649	650	0.3
649	651	0.74
649	652	0.76
649	653	0.76
650	716	0.99
650	704	0.99
650	706	0.99
651	1798	0.74
651	1804	0.68
654	655	0.54
654	656	0.82
654	657	0.42
654	658	0.33
654	659	0.54
654	660	0.94
654	661	0.96
654	662	0.99
654	663	0.97
654	664	0.54
654	665	0.99
654	666	0.99
656	667	0.3
656	668	0.74
658	669	0.94
658	670	0.99
658	671	0.94
658	672	0.97
658	673	0.99
658	674	0.72
658	675	0.94
658	676	0.99
658	677	0.9
658	678	0.95
658	679	0.96
658	680	0.72
658	681	0.99
658	682	0.68
659	683	0.37
660	684	0.82
660	661	0.91
660	685	0.83
660	686	0.83
660	663	0.56
660	665	0.66
660	666	0.56
661	684	0.93
661	685	0.93
661	663	0.93
661	662	0.77
662	684	0.9
662	685	0.97
662	663	0.99
663	684	0.99
663	685	0.9
663	686	0.97
663	687	0.66
664	689	0.33
665	686	0.47
666	686	0.67
667	1750	0.99
667	1832	0.4
667	1215	0.95
667	1751	0.98
667	1557	0.82
667	1245	0.97
667	1833	0.4
667	1753	0.84
668	982	0.37
668	2401	0.99
669	671	0.31
669	1078	0.67
669	1079	0.98
669	1089	0.28
669	679	0.4
669	1206	0.45
669	673	0.98
669	674	0.64
669	869	0.98
669	1085	0.98
669	1080	0.41
669	680	0.79
669	917	0.67
669	675	0.77
669	681	0.99
669	1082	0.43
670	671	0.9
670	1079	0.99
670	677	0.77
670	678	0.82
670	679	0.69
670	680	0.84
670	682	0.36
670	672	0.99
670	673	0.99
670	675	0.4
670	681	0.99
670	676	0.76
671	911	0.44
671	912	0.72
671	717	0.74
671	677	0.59
671	679	0.75
671	680	0.94
671	673	0.86
671	674	0.89
671	675	0.94
671	869	0.94
671	1080	0.94
671	1081	0.45
671	1079	0.97
671	1078	0.9
671	917	0.9
671	1082	0.39
672	1079	0.5
672	869	0.99
672	677	0.64
672	678	0.95
672	679	0.86
672	680	0.7
672	673	0.99
672	675	0.94
672	681	0.83
672	676	0.91
673	1079	0.94
673	869	0.91
673	677	0.99
673	678	0.69
673	679	0.91
673	680	0.72
673	682	0.9
673	674	0.87
673	675	0.94
673	681	0.99
673	676	0.99
674	912	0.58
674	1078	0.87
674	1079	0.53
674	1089	0.76
674	869	0.77
674	677	0.48
674	679	0.85
674	918	0.58
674	680	0.83
674	1083	0.76
674	1366	0.39
674	917	0.93
674	675	0.85
674	681	0.76
674	1133	0.46
674	676	0.92
674	1224	0.39
674	789	0.46
674	1367	0.48
674	1368	0.78
674	1126	0.62
674	1193	0.59
675	911	0.3
675	912	0.97
675	1078	0.94
675	1079	0.98
675	869	0.98
675	921	0.4
675	918	0.94
675	680	0.79
675	682	0.34
675	1369	0.77
675	917	0.94
675	1370	0.39
675	922	0.29
675	1080	0.57
675	1081	0.91
675	681	0.64
675	1371	0.43
675	1225	0.43
676	1079	0.9
676	678	0.92
676	679	0.99
676	681	0.99
676	682	0.68
677	1794	0.48
677	681	0.88
678	679	0.37
679	704	0.4
679	1079	0.97
679	1798	0.4
679	681	0.7
680	1078	0.64
680	869	0.71
680	921	0.66
680	920	0.35
680	1083	0.55
680	918	0.64
680	917	0.99
680	2129	0.48
681	704	0.8
681	706	0.99
681	869	0.49
681	728	0.86
682	1079	0.88
683	834	0.37
683	2069	0.99
683	2071	0.97
683	2314	0.4
683	2072	0.94
684	1631	0.77
684	1676	0.48
684	685	0.99
686	1571	0.77
687	1530	0.99
687	1252	0.99
687	1148	0.99
687	1257	0.77
687	1050	0.77
687	1546	0.62
687	1267	0.64
689	1563	0.33
689	1707	0.76
692	2505	0.52
693	744	0.99
694	1616	0.99
696	704	0.31
696	1124	0.31
696	2304	0.36
696	1654	0.36
696	1586	0.31
696	2305	0.36
698	1320	0.31
698	2019	0.29
699	998	0.97
699	955	0.99
702	1310	0.4
702	1125	0.49
702	1316	0.4
702	1010	0.45
704	716	0.99
704	717	0.4
704	718	0.99
704	719	0.33
704	720	0.33
704	706	0.99
704	721	0.99
704	722	0.99
704	723	0.94
704	724	0.77
704	725	0.77
705	792	0.98
705	795	0.63
705	800	0.38
705	801	0.29
705	796	0.97
705	802	0.67
705	803	0.77
705	804	0.77
706	716	0.99
706	718	0.86
706	726	0.58
706	720	0.64
706	727	0.87
706	728	0.99
706	729	0.31
706	730	0.89
706	721	0.99
706	722	0.99
706	723	0.99
706	731	0.64
706	732	0.63
706	724	0.77
706	733	0.88
706	725	0.91
707	1054	0.57
707	846	0.36
707	1553	0.44
708	712	0.99
710	991	0.97
710	747	0.94
710	994	0.94
710	997	0.98
710	993	0.74
710	996	0.97
710	846	0.33
710	1445	0.83
710	1446	0.33
710	757	0.98
710	1422	0.92
710	999	0.98
710	1000	0.98
710	1001	0.98
710	758	0.95
710	802	0.75
710	1425	0.67
711	2291	0.77
711	1757	0.57
713	714	0.3
714	715	0.29
715	1990	0.57
715	2105	0.59
715	2283	0.39
715	2284	0.4
715	2285	0.4
717	1078	0.97
717	1079	0.88
718	743	0.86
718	867	0.88
718	756	0.84
718	1820	0.99
720	1684	0.64
720	2094	0.88
720	2228	0.54
721	2208	0.99
721	731	0.95
721	732	0.44
721	802	0.99
721	2210	0.98
721	2104	0.31
721	2211	0.94
721	729	0.99
721	2214	0.99
721	2216	0.99
721	2213	0.49
722	838	0.99
723	728	0.99
723	2179	0.51
724	2257	0.77
727	1218	0.59
727	1889	0.87
727	2365	0.38
728	1627	0.49
728	2179	0.37
728	730	0.78
729	1419	0.99
729	758	0.69
729	1432	0.54
729	1430	0.99
729	1427	0.66
729	1423	0.99
729	1431	0.99
729	1433	0.53
729	2208	0.99
729	731	0.99
729	732	0.99
729	802	0.29
729	2210	0.98
729	2104	0.99
729	2211	0.96
729	2214	0.99
729	2216	0.99
729	2213	0.99
729	2212	0.53
730	733	0.79
731	1116	0.44
731	2208	0.99
731	2214	0.99
731	2210	0.92
731	2212	0.99
731	732	0.95
731	802	0.95
731	2209	0.61
731	2104	0.9
731	1154	0.36
732	2208	0.99
732	2214	0.99
732	2210	0.95
732	2212	0.99
732	2104	0.89
732	802	0.78
732	2211	0.4
734	735	0.73
734	736	0.89
734	737	0.74
735	738	0.65
735	737	0.97
735	736	0.98
736	737	0.98
736	739	0.56
736	742	0.36
737	738	0.84
740	773	0.47
743	747	0.97
743	748	0.99
743	749	0.99
743	750	0.99
743	751	0.99
743	752	0.94
743	753	0.99
743	754	0.99
743	755	0.97
743	756	0.99
743	757	0.97
743	758	0.99
743	759	0.92
747	991	0.94
747	748	0.97
747	1419	0.94
747	994	0.68
747	1420	0.94
747	750	0.55
747	751	0.76
747	752	0.76
747	753	0.97
747	754	0.76
747	1421	0.68
747	997	0.93
747	755	0.97
747	756	0.76
747	757	0.97
747	1422	0.9
747	999	0.97
747	1000	0.97
747	758	0.48
747	1423	0.98
747	996	0.29
747	1424	0.99
747	1001	0.99
747	1425	0.36
748	749	0.99
748	753	0.99
748	754	0.99
748	755	0.94
748	756	0.99
748	757	0.63
748	1426	0.66
749	753	0.97
749	755	0.77
749	757	0.99
750	753	0.49
750	755	0.99
751	1435	0.38
751	753	0.99
751	755	0.99
751	757	0.99
752	753	0.99
752	755	0.68
752	757	0.99
753	1436	0.31
753	1437	0.46
753	754	0.99
753	755	0.99
753	756	0.97
753	757	0.94
753	1422	0.9
753	758	0.99
753	1438	0.74
754	755	0.99
754	757	0.38
754	1422	0.68
755	1447	0.42
755	756	0.99
755	757	0.94
755	758	0.99
755	1438	0.39
756	1387	0.32
756	759	0.99
756	757	0.99
756	1422	0.53
756	1166	0.61
756	758	0.77
757	962	0.38
757	991	0.98
757	1419	0.77
757	994	0.94
757	997	0.52
757	1443	0.58
757	996	0.41
757	1424	0.97
757	1448	0.28
757	1432	0.92
757	1422	0.94
757	999	0.94
757	1001	0.93
757	1000	0.58
757	1433	0.85
757	758	0.58
758	991	0.63
758	1419	0.64
758	997	0.63
758	999	0.99
758	1000	0.99
758	996	0.64
758	1431	0.63
758	1424	0.96
758	1001	0.49
758	1425	0.36
758	1432	0.61
760	2386	0.9
760	788	0.75
762	1068	0.3
762	1072	0.37
762	1073	0.61
762	1070	0.36
765	2234	0.99
765	2235	0.82
765	2236	0.84
766	1037	0.98
766	1232	0.99
766	1233	0.58
766	1234	0.45
766	1235	0.99
766	1236	0.9
766	1269	0.44
766	1270	0.44
766	807	0.3
766	1271	0.43
766	1272	0.3
766	1273	0.29
766	1237	0.99
766	1274	0.44
766	1275	0.64
766	1276	0.46
766	1268	0.64
766	1169	0.64
767	895	0.63
767	803	0.61
767	805	0.57
767	1166	0.59
767	2533	0.61
767	1944	0.63
767	2534	0.77
767	1266	0.61
767	1051	0.59
767	1052	0.77
767	1242	0.61
767	2535	0.59
767	1268	0.61
768	769	0.33
768	770	0.53
768	771	0.33
768	772	0.53
768	773	0.33
769	774	0.53
769	775	0.55
773	776	0.48
773	777	0.33
773	778	0.48
773	779	0.3
773	780	0.88
773	781	0.39
773	782	0.9
773	783	0.48
773	784	0.4
773	785	0.4
773	786	0.65
773	787	0.39
773	788	0.63
773	789	0.45
773	790	0.33
773	791	0.45
774	956	0.97
774	957	0.99
774	958	0.97
774	959	0.97
774	960	0.83
774	961	0.99
774	962	0.41
774	966	0.99
774	963	0.97
774	964	0.99
774	984	0.51
775	1782	0.43
775	2102	0.84
775	845	0.82
775	2103	0.65
775	1088	0.39
776	780	0.99
777	1594	0.32
777	1595	0.7
777	1596	0.33
777	1597	0.29
780	923	0.45
780	924	0.45
780	925	0.45
780	926	0.45
780	782	0.99
780	927	0.45
780	928	0.45
780	929	0.45
780	930	0.45
780	931	0.45
780	932	0.4
780	933	0.45
780	934	0.45
780	935	0.45
780	936	0.45
780	937	0.45
781	1562	0.29
781	1041	0.29
781	2237	0.38
781	2238	0.39
781	2239	0.39
782	1894	0.6
784	1166	0.38
785	1006	0.3
785	1038	0.39
785	868	0.4
785	1884	0.68
785	821	0.94
785	1886	0.77
785	1887	0.94
785	1965	0.84
785	1966	0.65
786	848	0.29
786	1480	0.29
787	1677	0.39
787	1822	0.39
787	2066	0.39
787	927	0.39
787	2151	0.39
787	2152	0.39
787	1479	0.98
787	2153	0.39
788	2486	0.66
789	869	0.34
790	846	0.53
790	1418	0.52
790	2467	0.53
790	2468	0.53
791	1159	0.43
791	1161	0.77
791	1162	0.77
791	1164	0.82
792	793	0.77
792	794	0.37
792	795	0.84
792	796	0.98
793	797	0.99
794	798	0.99
794	799	0.47
795	796	0.99
796	800	0.51
796	805	0.37
796	806	0.36
796	804	0.77
798	799	0.86
800	2206	0.77
802	1433	0.77
802	1914	0.64
802	1001	0.67
802	2208	0.99
802	2214	0.99
802	2210	0.98
802	2211	0.65
802	2215	0.64
802	2209	0.76
802	2216	0.95
802	2217	0.64
802	2104	0.95
802	2213	0.95
802	2212	0.77
803	1233	0.64
803	1530	0.99
803	894	0.77
803	895	0.64
803	897	0.77
803	904	0.36
803	1532	0.64
803	907	0.64
803	1539	0.61
803	1538	0.77
803	1231	0.64
804	1233	0.64
805	1314	0.99
805	2309	0.59
807	1556	0.81
807	1875	0.35
807	2105	0.49
808	958	0.3
808	1127	0.95
811	2180	0.7
812	2354	0.95
812	2355	0.3
813	947	0.29
813	952	0.74
814	2097	0.36
814	2354	0.36
814	2421	0.34
814	2495	0.36
814	2496	0.36
814	2189	0.32
814	877	0.39
815	1301	0.29
815	1302	0.9
816	1286	0.95
816	1407	0.64
816	1288	0.78
816	2036	0.62
816	1577	0.64
820	1335	0.29
820	1139	0.29
820	1290	0.41
820	1291	0.43
820	1292	0.43
820	2116	0.39
820	2117	0.43
820	2118	0.39
820	1409	0.29
821	1883	0.99
821	1884	0.99
821	1885	0.77
821	1887	0.97
821	838	0.33
821	1888	0.69
822	1210	0.39
822	1512	0.29
822	2299	0.39
822	2300	0.39
822	2301	0.39
822	2302	0.39
822	2303	0.39
825	1632	0.99
827	1345	0.99
827	1346	0.82
827	1352	0.32
827	1348	0.97
827	1349	0.93
827	935	0.32
827	1353	0.32
828	1345	0.64
828	1346	0.99
828	1347	0.98
828	1355	0.36
828	1348	0.94
828	1349	0.94
828	1350	0.99
828	1014	0.61
829	988	0.9
829	989	0.9
830	1149	0.97
831	1187	0.64
831	857	0.64
831	1188	0.84
831	1189	0.3
831	1190	0.29
831	1191	0.99
831	1192	0.68
832	838	0.6
833	1193	0.99
833	1080	0.94
833	1194	0.69
836	1195	0.38
837	1656	0.48
837	2146	0.48
838	1892	0.99
838	1893	0.77
838	1617	0.99
838	1313	0.39
838	1894	0.45
838	1895	0.76
838	1896	0.77
838	1620	0.76
839	927	0.32
839	1435	0.39
839	2201	0.32
839	2202	0.32
839	2079	0.32
839	2203	0.32
840	1187	0.29
840	1551	0.34
840	1552	0.99
842	1348	0.51
842	1548	0.84
844	1127	0.4
845	959	0.42
845	914	0.39
845	922	0.85
846	1105	0.38
846	1643	0.65
846	1031	0.77
846	1972	0.42
846	1973	0.48
846	879	0.65
848	1585	0.66
848	1373	0.41
848	1584	0.86
848	1313	0.29
848	1221	0.59
851	1978	0.28
851	1057	0.45
851	1224	0.64
853	1553	0.29
853	2018	0.56
855	1478	0.39
855	2145	0.32
864	865	0.3
864	866	0.3
865	867	0.77
865	868	0.4
865	869	0.29
865	870	0.29
865	871	0.34
865	872	0.49
865	873	0.77
865	874	0.56
866	882	0.99
866	883	0.66
867	1159	0.99
867	1160	0.3
867	1161	0.96
867	1162	0.94
867	1163	0.74
867	1164	0.88
867	1165	0.93
867	1166	0.78
867	1167	0.64
867	1168	0.63
867	1169	0.63
868	1220	0.4
868	1221	0.48
869	1078	0.91
869	1079	0.94
869	1083	0.9
869	1224	0.32
869	1082	0.34
869	1086	0.84
869	1225	0.77
870	1226	0.99
870	1227	0.97
870	1228	0.99
870	1229	0.43
870	1230	0.99
870	1231	0.99
871	1971	0.65
872	2093	0.91
872	2094	0.99
876	1959	0.64
877	1678	0.75
877	1676	0.61
877	2003	0.63
877	2358	0.61
877	2497	0.61
877	2498	0.64
878	1480	0.97
878	2095	0.55
879	1811	0.67
884	885	0.99
884	886	0.29
884	887	0.77
885	887	0.98
886	1216	0.29
886	1223	0.39
888	1530	0.94
888	891	0.42
888	894	0.7
888	897	0.48
888	898	0.94
888	903	0.64
888	904	0.31
888	905	0.48
888	1537	0.41
889	1269	0.77
889	1693	0.85
889	1688	0.99
889	1690	0.89
889	1691	0.89
889	1689	0.68
889	1694	0.77
890	901	0.4
890	1537	0.65
891	1530	0.99
891	1536	0.39
891	904	0.39
892	901	0.4
892	903	0.3
892	1537	0.45
893	1530	0.98
893	904	0.99
893	941	0.68
894	1530	0.99
894	898	0.98
894	901	0.4
894	1537	0.82
894	903	0.95
894	904	0.61
894	1532	0.36
894	907	0.82
894	1533	0.77
894	895	0.77
894	1534	0.77
895	1530	0.87
895	898	0.99
895	1538	0.37
895	904	0.61
895	907	0.71
895	1533	0.79
895	897	0.77
895	908	0.77
896	904	0.39
896	1532	0.44
897	1530	0.99
897	898	0.99
897	903	0.3
897	904	0.99
898	1530	0.99
898	901	0.99
898	903	0.99
898	904	0.99
898	908	0.99
898	1537	0.77
898	1532	0.32
898	1533	0.78
899	2092	0.4
899	1532	0.45
899	907	0.65
901	1530	0.99
901	902	0.39
901	903	0.73
901	1540	0.63
901	1532	0.74
901	907	0.43
901	1533	0.76
902	1530	0.69
902	907	0.4
903	1530	0.94
903	1537	0.43
903	905	0.78
903	1532	0.43
903	907	0.43
904	1530	0.97
904	1536	0.99
904	1542	0.69
904	907	0.64
904	908	0.43
905	1530	0.47
905	1537	0.45
905	1545	0.51
905	907	0.4
905	941	0.68
907	1530	0.74
907	1536	0.3
907	1541	0.4
907	1533	0.61
908	1530	0.99
908	1533	0.77
910	1502	0.58
910	2499	0.66
911	912	0.67
911	913	0.99
911	914	0.95
911	915	0.86
911	916	0.7
911	917	0.7
912	918	0.3
912	919	0.95
912	920	0.84
912	921	0.92
912	922	0.73
912	913	0.67
913	915	0.64
913	919	0.77
914	1319	0.29
914	916	0.99
914	1704	0.55
914	921	0.99
914	1254	0.63
914	1322	0.74
914	922	0.95
914	915	0.99
914	919	0.75
915	1319	0.33
915	916	0.99
915	1704	0.3
915	921	0.85
915	922	0.85
915	1322	0.32
915	919	0.88
915	920	0.34
915	917	0.4
916	1704	0.97
916	921	0.97
916	922	0.6
916	919	0.77
917	1078	0.94
917	1089	0.7
917	922	0.83
917	1085	0.9
917	920	0.94
917	1083	0.76
917	918	0.93
917	1276	0.7
918	1078	0.97
918	1079	0.99
918	1089	0.99
918	1085	0.86
918	920	0.95
918	1083	0.99
918	1087	0.62
919	1704	0.34
919	921	0.89
919	1083	0.76
919	1086	0.81
919	920	0.78
920	1078	0.99
920	1079	0.82
920	1089	0.92
920	1162	0.31
920	1704	0.75
920	1085	0.99
920	1086	0.81
920	1083	0.95
921	1078	0.49
921	1082	0.41
922	1704	0.67
922	1083	0.72
926	2156	0.29
926	1027	0.6
926	2158	0.76
927	2167	0.45
933	1007	0.99
933	1991	0.61
933	1990	0.96
938	939	0.99
938	940	0.51
940	2104	0.77
940	1302	0.66
940	2381	0.58
940	1987	0.99
940	2382	0.37
940	2383	0.3
940	2384	0.88
941	1707	0.69
941	2040	0.68
941	2086	0.68
941	2229	0.5
942	943	0.29
942	944	0.4
942	945	0.61
944	946	0.77
945	1234	0.99
945	1238	0.99
945	1239	0.61
945	1241	0.84
945	1967	0.64
946	2330	0.59
947	948	0.39
947	949	0.29
947	950	0.39
947	951	0.3
950	951	0.39
951	1691	0.82
951	2059	0.39
951	2435	0.4
952	1282	0.74
952	1283	0.88
952	1285	0.98
952	1139	0.99
952	1286	0.8
952	1033	0.57
952	1128	0.98
952	1290	0.93
952	1291	0.77
952	1424	0.3
952	1292	0.3
952	1293	0.3
952	1294	0.98
952	1136	0.33
953	954	0.83
953	955	0.86
956	957	0.84
956	958	0.97
956	959	0.97
956	960	0.63
956	961	0.98
956	962	0.39
956	963	0.93
956	964	0.99
957	963	0.98
957	965	0.62
957	958	0.99
957	959	0.99
957	960	0.99
957	961	0.99
957	962	0.94
957	964	0.96
958	966	0.99
958	963	0.97
958	967	0.4
958	968	0.4
958	965	0.82
958	959	0.97
958	969	0.4
958	970	0.4
958	960	0.84
958	971	0.4
958	972	0.4
958	973	0.4
958	961	0.98
958	962	0.4
958	964	0.98
958	974	0.61
959	966	0.99
959	963	0.97
959	975	0.4
959	960	0.84
959	961	0.98
959	962	0.84
959	981	0.38
959	964	0.98
960	963	0.95
960	961	0.99
960	964	0.89
961	966	0.78
961	963	0.98
961	965	0.99
961	962	0.99
961	964	0.97
961	982	0.37
962	966	0.66
962	963	0.95
962	983	0.99
962	964	0.99
963	966	0.83
963	1469	0.51
963	975	0.32
963	965	0.95
963	1467	0.83
963	1470	0.53
963	1471	0.32
963	964	0.98
963	983	0.29
964	966	0.76
964	965	0.99
964	1474	0.83
964	1475	0.68
964	1476	0.68
964	1477	0.7
965	966	0.85
965	985	0.65
966	1467	0.31
966	983	0.99
966	1468	0.31
968	1772	0.33
968	1774	0.39
974	2326	0.97
974	2328	0.77
981	1194	0.62
982	2123	0.39
982	1281	0.52
984	1127	0.4
986	987	0.99
989	1989	0.61
990	991	0.29
990	992	0.67
991	993	0.43
991	994	0.94
991	995	0.32
991	996	0.76
991	997	0.96
991	998	0.3
991	999	0.92
991	1000	0.73
991	1001	0.98
993	997	0.62
993	1897	0.39
994	999	0.99
994	1000	0.99
994	1001	0.99
994	996	0.77
994	1351	0.34
996	997	0.85
996	999	0.98
996	1000	0.98
996	1001	0.41
997	1419	0.96
997	1443	0.77
997	1423	0.99
997	1428	0.96
997	1424	0.99
997	999	0.99
997	1000	0.99
997	1351	0.83
997	1444	0.61
997	1431	0.95
997	1425	0.77
997	1432	0.63
997	1001	0.88
997	1433	0.77
998	1484	0.37
999	1437	0.89
999	1000	0.99
999	1001	0.99
1000	1422	0.95
1000	1437	0.77
1000	1001	0.99
1001	1425	0.69
1001	1437	0.32
1003	1004	0.7
1003	1005	0.99
1005	1182	0.94
1005	1372	0.66
1006	1015	0.66
1006	1016	0.99
1006	1017	0.36
1006	1018	0.99
1006	1019	0.99
1006	1020	0.99
1006	1021	0.99
1006	1007	0.66
1006	1022	0.9
1006	1023	0.99
1006	1024	0.91
1006	1025	0.77
1006	1026	0.99
1006	1008	0.77
1006	1009	0.41
1006	1027	0.99
1006	1010	0.77
1006	1028	0.84
1006	1012	0.77
1007	1990	0.96
1009	2448	0.41
1010	1754	0.39
1010	1016	0.45
1010	2494	0.34
1012	1102	0.27
1012	1103	0.82
1012	1104	0.77
1012	1040	0.94
1012	1105	0.9
1012	1107	0.82
1012	1108	0.62
1012	1028	0.78
1012	1109	0.94
1012	1112	0.56
1012	1116	0.41
1012	1110	0.34
1012	1120	0.3
1012	1114	0.4
1015	1026	0.58
1016	1018	0.84
1018	1815	0.29
1019	1223	0.39
1021	1025	0.94
1025	1398	0.64
1025	1191	0.29
1027	1950	0.58
1027	1261	0.58
1027	2154	0.58
1027	2155	0.68
1027	2156	0.99
1028	1102	0.6
1028	1103	0.8
1028	1104	0.97
1028	1040	0.94
1028	1105	0.7
1028	1107	0.94
1028	1108	0.87
1028	1112	0.99
1028	1116	0.74
1028	1110	0.74
1028	1120	0.89
1028	1140	0.32
1028	1141	0.32
1028	1142	0.32
1028	1109	0.98
1028	1117	0.68
1029	1411	0.4
1030	1499	0.4
1030	1500	0.4
1030	1501	0.43
1030	1502	0.29
1031	1950	0.99
1031	1529	0.98
1032	1950	0.3
1032	2127	0.99
1033	1285	0.99
1033	1139	0.7
1033	1950	0.99
1033	1136	0.9
1034	1646	0.48
1035	2422	0.99
1036	1037	0.42
1036	1038	0.3
1038	1039	0.39
1038	1040	0.36
1038	1041	0.45
1038	1042	0.99
1038	1043	0.77
1040	1102	0.99
1040	1103	0.88
1040	1104	0.84
1040	1105	0.94
1040	1112	0.99
1040	1116	0.94
1040	1107	0.88
1040	1117	0.97
1040	1114	0.88
1040	1110	0.99
1040	1108	0.96
1040	1120	0.97
1040	1121	0.36
1040	1122	0.36
1040	1109	0.94
1041	2240	0.45
1041	2241	0.31
1042	1154	0.58
1042	1122	0.99
1042	1043	0.96
1042	1796	0.99
1043	1795	0.88
1043	1122	0.77
1046	1074	0.98
1046	1075	0.96
1046	1076	0.94
1046	1077	0.99
1050	2051	0.64
1050	2409	0.77
1050	1405	0.65
1051	1950	0.78
1051	2249	0.62
1051	1539	0.59
1051	2409	0.62
1051	2550	0.59
1052	1819	0.62
1053	1480	0.36
1053	1816	0.29
1053	1817	0.33
1053	1818	0.33
1053	1819	0.36
1053	1452	0.36
1054	1524	0.32
1054	1133	0.32
1055	1058	0.97
1055	1059	0.65
1055	1060	0.99
1055	1061	0.99
1055	1062	0.88
1055	1065	0.99
1055	1066	0.76
1055	1643	0.99
1055	1712	0.68
1055	1646	0.96
1056	1459	0.38
1058	1636	0.47
1058	1637	0.78
1058	1600	0.64
1058	1368	0.29
1058	1059	0.99
1058	1060	0.99
1058	1061	0.99
1058	1062	0.98
1058	1642	0.99
1058	1713	0.28
1058	1065	0.99
1058	1066	0.9
1058	1643	0.99
1058	1646	0.94
1058	1714	0.77
1058	1715	0.58
1059	1060	0.99
1059	1061	0.9
1059	1643	0.99
1059	1646	0.63
1060	1414	0.52
1060	1061	0.93
1060	1062	0.93
1060	1642	0.99
1060	1065	0.98
1060	1066	0.93
1060	1643	0.99
1060	1646	0.97
1060	1744	0.69
1060	1745	0.68
1060	1746	0.68
1060	1747	0.68
1061	1712	0.61
1061	1062	0.9
1061	1642	0.88
1061	1065	0.75
1061	1066	0.69
1061	1643	0.97
1061	1646	0.93
1062	1643	0.99
1062	1646	0.99
1063	1406	0.38
1063	1407	0.64
1063	1408	0.61
1063	1409	0.77
1064	2063	0.99
1065	1643	0.91
1065	1646	0.99
1066	1643	0.67
1066	1646	0.99
1070	1975	0.48
1070	1221	0.48
1071	1335	0.44
1072	1406	0.38
1073	1243	0.48
1074	1077	0.82
1074	1076	0.74
1074	1075	0.61
1075	1077	0.61
1075	1983	0.61
1075	2374	0.39
1075	1076	0.94
1076	1679	0.3
1076	1077	0.84
1078	1083	0.99
1078	1084	0.59
1078	1085	0.99
1078	1079	0.97
1078	1086	0.89
1078	1087	0.62
1078	1088	0.62
1079	1083	0.63
1079	1086	0.9
1079	1089	0.98
1079	1081	0.98
1079	1080	0.69
1080	2079	0.48
1083	1089	0.99
1083	1704	0.74
1083	1085	0.99
1083	1086	0.9
1084	2287	0.77
1085	1089	0.99
1086	1089	0.72
1086	1466	0.29
1088	2169	0.39
1088	2015	0.99
1088	2170	0.61
1088	2171	0.77
1088	1195	0.79
1090	2190	0.32
1090	2191	0.53
1090	2192	0.33
1090	2193	0.33
1090	2194	0.32
1091	1092	0.8
1091	1093	0.34
1091	1094	0.67
1091	1095	0.87
1091	1096	0.79
1091	1097	0.79
1092	1094	0.99
1092	1095	0.99
1092	1098	0.61
1092	1096	0.98
1092	1097	0.99
1094	1095	0.45
1094	1939	0.45
1094	1096	0.68
1094	1097	0.75
1095	1940	0.78
1095	1096	0.68
1095	1097	0.77
1096	1097	0.92
1099	1100	0.48
1100	1101	0.75
1101	2152	0.75
1102	1104	0.68
1102	1105	0.27
1102	1116	0.83
1102	1107	0.71
1102	1109	0.68
1103	1104	0.65
1103	1105	0.93
1103	1112	0.81
1103	1116	0.45
1103	1110	0.45
1103	1109	0.7
1104	1118	0.34
1104	1105	0.97
1104	1109	0.82
1104	1119	0.43
1104	1112	0.85
1104	1117	0.27
1104	1110	0.77
1104	1120	0.56
1105	1107	0.38
1105	1108	0.57
1105	1109	0.28
1105	1112	0.64
1105	1110	0.43
1106	1123	0.34
1107	1109	0.48
1107	1117	0.68
1108	1112	0.86
1108	1110	0.95
1108	1109	0.9
1108	1117	0.92
1108	1139	0.36
1108	1116	0.36
1108	1121	0.67
1109	1112	0.96
1109	1117	0.99
1109	1120	0.58
1110	1112	0.68
1110	1117	0.68
1112	1120	0.99
1113	1487	0.32
1113	1438	0.84
1114	1116	0.4
1116	1547	0.45
1116	1223	0.36
1117	1121	0.87
1117	2074	0.68
1118	1119	0.43
1118	1121	0.36
1119	1705	0.39
1119	1121	0.39
1123	1678	0.98
1123	1679	0.99
1123	1680	0.99
1123	1682	0.86
1123	1681	0.99
1124	1415	0.29
1125	2029	0.79
1125	1391	0.83
1125	2030	0.88
1127	1875	0.96
1127	1876	0.4
1127	1877	0.39
1127	1389	0.95
1127	1878	0.4
1127	1879	0.32
1127	1622	0.75
1128	1283	0.99
1128	1139	0.94
1128	1294	0.97
1128	1291	0.94
1128	1287	0.72
1128	1495	0.51
1128	1290	0.66
1128	1292	0.77
1129	1411	0.4
1134	1774	0.29
1134	2031	0.34
1134	2010	0.68
1134	2011	0.82
1134	2058	0.65
1136	1282	0.99
1136	1283	0.99
1136	1285	0.97
1136	1139	0.99
1136	1293	0.48
1136	1286	0.62
1136	1288	0.99
1137	2269	0.36
1138	1362	0.34
1138	1410	0.64
1139	1282	0.99
1139	1283	0.99
1139	1285	0.99
1139	1494	0.55
1139	1289	0.99
1139	1290	0.94
1139	1291	0.92
1139	1287	0.97
1139	1292	0.94
1139	1286	0.76
1142	2515	0.68
1143	1146	0.99
1143	1147	0.29
1143	1144	0.99
1143	1148	0.81
1144	1146	0.99
1145	1373	0.3
1145	2263	0.84
1150	1154	0.85
1150	1151	0.99
1151	1154	0.68
1153	2249	0.94
1154	2210	0.67
1154	2104	0.37
1155	1776	0.39
1155	1157	0.98
1155	1156	0.67
1159	1161	0.93
1159	1162	0.97
1159	1164	0.82
1159	1373	0.31
1159	1374	0.3
1159	1375	0.98
1160	1376	0.88
1160	1377	0.87
1160	1163	0.71
1160	1378	0.99
1160	1379	0.94
1161	1162	0.94
1161	1164	0.99
1161	1374	0.77
1162	1380	0.32
1162	1381	0.33
1162	1382	0.32
1162	1164	0.95
1162	1374	0.41
1162	1383	0.64
1163	1384	0.68
1164	1374	0.65
1164	1383	0.69
1166	1626	0.74
1166	1929	0.64
1166	2188	0.78
1166	2371	0.77
1166	2372	0.59
1166	2373	0.59
1166	2152	0.77
1169	1761	0.77
1169	1763	0.69
1169	1767	0.6
1169	1768	0.6
1169	1224	0.75
1169	1771	0.79
1173	1606	0.99
1180	1306	0.99
1181	1306	0.45
1183	1282	0.97
1183	1285	0.97
1183	1287	0.98
1183	1293	0.87
1183	1286	0.51
1186	2430	0.62
1187	1519	0.98
1187	1188	0.95
1188	1519	0.99
1189	2278	0.4
1191	2322	0.31
1193	1766	0.99
1193	1770	0.97
1195	2526	0.61
1195	2527	0.77
1196	1197	0.98
1196	1198	0.99
1196	1199	0.78
1197	1200	0.61
1201	1985	0.77
1205	1468	0.51
1206	2077	0.99
1206	2078	0.77
1207	1208	0.32
1211	1518	0.4
1211	1698	0.29
1211	1397	0.72
1212	2387	0.36
1213	1844	0.64
1216	1749	0.29
1216	1845	0.39
1216	1609	0.3
1217	1846	0.99
1217	1536	0.29
1218	1609	0.39
1218	1847	0.32
1219	1581	0.61
1223	1880	0.4
1223	1881	0.36
1223	1882	0.39
1223	1466	0.39
1224	1367	0.99
1225	1373	0.31
1226	1228	0.99
1226	1230	0.7
1226	1231	0.88
1227	1228	0.92
1227	1998	0.32
1227	1230	0.94
1227	1999	0.43
1227	1231	0.68
1228	1229	0.92
1228	1230	0.51
1228	1231	0.99
1229	1411	0.65
1230	1231	0.99
1232	1236	0.94
1233	1238	0.99
1233	1239	0.99
1233	1234	0.99
1233	1240	0.93
1233	1241	0.94
1233	1237	0.9
1233	1242	0.61
1234	1238	0.99
1234	1240	0.99
1234	1241	0.78
1234	1237	0.99
1235	1244	0.29
1236	1245	0.3
1236	1246	0.4
1236	1247	0.99
1236	1237	0.99
1238	1239	0.99
1238	1240	0.93
1238	1241	0.99
1239	1241	0.65
1239	1240	0.77
1240	1241	0.96
1240	1968	0.64
1241	1448	0.39
1241	1969	0.39
1241	1970	0.29
1245	1750	0.99
1245	1835	0.83
1245	1836	0.3
1246	1671	0.84
1246	2518	0.82
1251	1661	0.43
1251	2024	0.39
1252	1950	0.99
1252	1539	0.4
1252	2414	0.58
1257	1603	0.68
1257	1604	0.68
1257	1892	0.3
1261	1528	0.99
1261	1529	0.87
1261	2128	0.38
1262	1684	0.35
1262	1902	0.4
1263	1697	0.4
1264	2052	0.99
1265	1411	0.4
1265	1608	0.29
1265	1945	0.31
1266	2099	0.64
1267	1824	0.85
1267	2339	0.77
1269	1687	0.47
1269	1688	0.99
1269	1689	0.86
1269	1690	0.63
1269	1691	0.98
1269	1692	0.68
1269	1693	0.69
1269	1537	0.68
1271	1491	0.34
1271	1492	0.99
1271	1493	0.97
1271	1351	0.49
1271	1365	0.78
1272	2240	0.39
1274	2003	0.99
1274	1611	0.99
1276	1767	0.92
1276	1768	0.7
1278	1552	0.7
1278	1281	0.68
1281	1480	0.52
1281	2449	0.52
1282	1283	0.88
1282	1284	0.99
1282	1285	0.84
1282	1286	0.72
1282	1287	0.64
1282	1288	0.64
1283	1289	0.99
1283	1290	0.96
1283	1291	0.99
1283	1287	0.93
1283	1285	0.29
1283	1292	0.99
1283	1293	0.83
1283	1294	0.99
1283	1288	0.92
1283	1284	0.68
1284	1295	0.39
1284	1296	0.65
1284	1285	0.99
1285	1297	0.98
1285	1286	0.97
1285	1288	0.99
1285	1287	0.58
1285	1293	0.99
1286	1293	0.8
1286	1297	0.97
1286	1288	0.95
1287	1289	0.86
1287	1290	0.97
1287	1291	0.98
1287	1292	0.99
1287	1294	0.7
1287	1288	0.28
1288	1960	0.61
1288	1577	0.28
1289	1290	0.77
1289	1292	0.39
1289	1294	0.68
1290	1294	0.99
1290	1496	0.42
1290	1292	0.94
1291	1294	0.99
1291	1497	0.39
1291	1292	0.85
1293	1297	0.37
1293	1498	0.29
1300	1465	0.4
1301	1303	0.32
1303	1480	0.52
1304	1307	0.98
1304	1308	0.78
1304	1309	0.32
1305	1317	0.33
1307	1308	0.29
1308	1588	0.39
1309	1589	0.95
1311	2195	0.29
1312	1340	0.98
1312	1341	0.59
1312	1342	0.99
1313	1501	0.29
1313	2240	0.4
1314	1415	0.46
1314	2219	0.56
1315	2137	0.39
1316	1417	0.4
1316	1852	0.4
1317	1553	0.87
1317	1554	0.82
1317	1555	0.33
1317	1556	0.7
1317	1557	0.33
1318	1319	0.96
1318	1320	0.31
1318	1321	0.99
1319	1322	0.99
1319	1321	0.85
1320	1913	0.36
1321	1322	0.99
1322	1814	0.3
1322	2059	0.32
1323	1324	0.87
1323	1325	0.99
1323	1326	0.97
1323	1327	0.99
1323	1328	0.96
1323	1329	0.96
1323	1330	0.99
1323	1331	0.51
1324	1326	0.99
1324	1330	0.89
1324	1329	0.77
1325	1326	0.99
1325	1327	0.75
1325	1330	0.72
1325	1328	0.76
1326	1327	0.99
1326	1328	0.99
1326	1329	0.66
1326	1330	0.94
1326	1332	0.35
1327	1333	0.32
1327	1328	0.99
1327	1330	0.55
1328	1330	0.99
1328	1334	0.76
1328	1335	0.77
1328	1336	0.59
1328	1329	0.96
1329	1330	0.97
1334	1487	0.32
1337	1879	0.99
1337	2139	0.63
1337	2140	0.61
1338	1339	0.99
1340	1341	0.99
1340	1342	0.97
1341	1342	0.76
1345	1346	0.87
1345	1347	0.44
1345	1348	0.64
1345	1349	0.87
1345	1350	0.99
1345	1351	0.29
1346	1349	0.58
1346	1350	0.99
1346	1347	0.98
1346	1348	0.63
1347	1354	0.38
1347	1348	0.89
1347	1349	0.92
1348	1355	0.63
1348	1356	0.51
1348	1350	0.62
1349	1357	0.29
1349	1355	0.82
1349	1350	0.27
1351	1493	0.41
1351	1533	0.59
1357	2060	0.74
1358	2207	0.97
1360	1362	0.86
1360	1410	0.99
1362	1410	0.88
1367	1767	0.37
1367	1768	0.99
1368	1766	0.99
1368	1763	0.68
1369	1653	0.43
1371	1676	0.45
1371	2285	0.45
1373	1480	0.32
1373	1766	0.87
1373	1933	0.29
1373	1936	0.34
1373	1937	0.39
1373	1847	0.34
1373	1517	0.31
1375	1421	0.99
1375	1439	0.99
1375	1440	0.97
1375	2056	0.96
1375	1442	0.99
1376	1377	0.88
1376	1379	0.98
1377	1870	0.99
1377	1379	0.64
1378	2478	0.48
1379	1963	0.38
1379	1964	0.3
1386	1387	0.99
1387	1388	0.33
1389	1578	0.31
1389	1932	0.85
1391	2029	0.99
1391	1875	0.85
1391	2030	0.84
1392	2390	0.51
1394	1614	0.3
1394	2337	0.97
1394	2338	0.4
1395	1739	0.77
1397	1875	0.95
1397	2108	0.93
1397	2115	0.72
1405	2081	0.61
1406	2399	0.32
1407	1710	0.99
1407	1711	0.99
1409	1441	0.99
1410	1841	0.39
1410	1842	0.39
1411	1412	0.4
1411	1413	0.4
1411	1414	0.32
1413	1978	0.29
1414	1624	0.99
1414	1626	0.99
1414	1627	0.78
1414	1628	0.99
1414	1629	0.99
1414	1630	0.94
1414	1631	0.95
1414	1634	0.66
1414	1649	0.99
1414	1657	0.32
1414	1658	0.52
1414	1587	0.52
1414	1659	0.52
1416	1417	0.32
1417	1418	0.52
1418	2323	0.52
1418	2233	0.52
1419	1427	0.84
1419	1423	0.98
1419	1428	0.43
1419	1429	0.4
1419	1430	0.97
1419	1431	0.98
1419	1425	0.95
1419	1432	0.96
1419	1424	0.98
1419	1422	0.39
1419	1433	0.98
1420	1421	0.56
1421	1439	0.94
1421	1440	0.97
1421	1441	0.75
1421	1442	0.99
1422	1424	0.85
1422	1449	0.99
1423	1432	0.99
1423	1430	0.99
1423	1424	0.99
1423	1428	0.99
1423	1431	0.99
1423	1433	0.99
1424	1432	0.99
1424	1430	0.98
1424	1431	0.94
1424	1427	0.68
1424	1425	0.99
1424	1433	0.99
1425	1432	0.99
1425	1431	0.94
1425	1433	0.99
1428	1430	0.88
1428	1431	0.98
1430	1432	0.98
1430	1791	0.49
1430	1792	0.32
1430	1793	0.33
1430	1431	0.5
1430	1433	0.93
1431	1791	0.44
1431	1433	0.99
1432	1443	0.37
1432	1760	0.76
1432	1433	0.95
1436	1614	0.68
1437	1931	0.31
1437	1446	0.36
1439	1440	0.99
1439	2056	0.88
1439	1442	0.99
1439	2057	0.6
1440	2056	0.93
1440	1442	0.99
1440	2057	0.6
1442	2056	0.83
1444	1781	0.41
1448	2279	0.48
1448	1478	0.39
1448	2280	0.38
1450	1631	0.52
1450	1669	0.99
1450	2260	0.33
1450	2261	0.99
1450	1651	0.97
1450	1652	0.99
1451	2450	0.7
1453	1454	0.4
1453	1455	0.65
1454	2101	0.75
1457	1463	0.99
1457	1464	0.36
1459	1461	0.83
1459	1518	0.38
1463	1603	0.99
1463	1604	0.99
1464	2055	0.88
1472	2187	0.99
1474	1512	0.82
1474	1513	0.84
1478	1681	0.53
1478	2479	0.99
1478	2480	0.51
1479	2458	0.3
1480	1586	0.29
1484	1893	0.66
1487	1939	0.32
1487	2244	0.32
1487	2436	0.32
1487	2437	0.32
1487	2438	0.32
1487	2439	0.32
1487	2371	0.32
1487	2440	0.32
1487	2441	0.32
1487	1607	0.32
1487	2442	0.32
1487	2443	0.32
1487	2444	0.32
1487	2445	0.31
1487	2446	0.32
1487	2447	0.32
1488	1489	0.99
1494	1951	0.64
1497	2197	0.39
1497	2472	0.45
1499	1503	0.4
1499	1504	0.4
1499	1505	0.39
1501	1506	0.39
1502	1507	0.3
1502	1508	0.66
1502	1509	0.66
1505	1813	0.4
1505	2456	0.39
1507	1949	0.4
1508	1514	0.99
1509	2166	0.99
1512	1513	0.67
1516	2496	0.39
1518	1699	0.48
1518	1700	0.4
1518	1701	0.75
1518	1702	0.33
1518	1703	0.63
1519	1549	0.7
1519	2173	0.68
1520	2557	0.62
1521	1525	0.7
1522	1526	0.36
1524	1676	0.45
1527	1528	0.71
1528	1529	0.99
1530	1531	0.47
1530	1532	0.34
1530	1533	0.78
1530	1534	0.77
1530	1535	0.63
1531	1543	0.66
1531	1544	0.48
1532	1536	0.34
1532	1541	0.45
1532	2092	0.34
1533	2128	0.59
1533	2092	0.59
1536	1798	0.29
1536	2088	0.39
1536	2089	0.29
1536	2090	0.39
1536	2091	0.39
1536	2092	0.29
1539	2356	0.4
1543	2141	0.84
1543	2039	0.96
1544	2275	0.99
1545	1676	0.33
1545	2363	0.32
1545	2364	0.97
1547	1824	0.45
1552	1600	0.48
1552	1601	0.77
1552	1602	0.35
1556	2043	0.97
1561	2380	0.45
1562	2159	0.37
1562	2160	0.66
1569	2488	0.99
1569	2490	0.61
1569	2419	0.61
1571	2428	0.99
1572	2142	0.61
1573	1961	0.99
1573	2289	0.61
1573	2290	0.63
1578	1580	0.53
1578	1579	0.98
1578	1581	0.62
1578	1582	0.67
1579	1581	0.77
1581	1944	0.64
1581	1583	0.77
1584	2189	0.66
1590	1591	0.33
1590	1592	0.93
1591	1593	0.45
1592	2083	0.95
1595	1598	0.29
1598	1980	0.45
1598	2050	0.34
1602	2174	0.48
1605	1606	0.59
1606	1607	0.36
1611	2003	0.99
1614	1786	0.99
1624	1626	0.99
1624	1627	0.57
1624	1628	0.97
1624	1629	0.99
1624	1631	0.99
1624	1634	0.99
1624	1630	0.99
1626	1634	0.99
1626	1649	0.9
1626	1654	0.36
1626	1627	0.99
1626	1628	0.99
1626	1629	0.99
1626	1630	0.99
1626	1631	0.99
1626	1655	0.68
1627	1649	0.99
1627	1628	0.55
1627	1629	0.99
1627	1630	0.99
1627	1631	0.99
1627	1634	0.89
1628	1634	0.97
1628	1649	0.99
1628	1629	0.99
1628	1630	0.99
1628	1631	0.99
1629	1650	0.29
1629	1634	0.99
1629	1630	0.99
1629	1631	0.99
1630	1634	0.59
1630	1656	0.42
1630	1631	0.99
1631	1634	0.76
1631	1649	0.99
1631	1651	0.99
1631	1652	0.99
1633	1660	0.52
1633	1661	0.65
1633	1662	0.77
1634	1755	0.67
1634	1911	0.47
1638	1837	0.75
1641	1840	0.29
1642	1643	0.83
1643	1749	0.6
1643	1646	0.99
1646	1735	0.48
1649	2019	0.32
1651	2019	0.31
1651	2262	0.99
1651	2260	0.99
1651	1669	0.99
1651	2261	0.99
1651	1652	0.99
1652	1669	0.87
1652	2261	0.99
1652	2262	0.9
1653	1979	0.32
1653	2294	0.36
1659	2306	0.76
1660	1662	0.89
1662	1967	0.62
1664	1894	0.7
1665	2398	0.45
1669	2261	0.68
1678	1679	0.95
1678	1680	0.84
1678	1681	0.98
1679	1680	0.99
1679	1681	0.5
1680	1681	0.99
1683	1684	0.97
1684	1685	0.34
1684	1686	0.78
1687	1695	0.44
1689	1696	0.77
1690	1695	0.45
1691	1697	0.63
1691	1696	0.61
1693	2001	0.99
1693	1694	0.96
1693	2002	0.69
1693	1696	0.77
1694	2001	0.98
1694	2002	0.69
1695	2243	0.36
1695	2244	0.36
1695	1697	0.43
1697	2104	0.57
1697	2469	0.4
1697	2470	0.4
1700	1740	0.39
1701	1874	0.76
1702	2258	0.33
1702	2259	0.99
1709	1950	0.78
1710	1711	0.99
1714	2165	0.93
1715	1986	0.39
1726	2404	0.61
1729	2545	0.68
1733	2318	0.79
1733	2538	0.77
1733	2539	0.9
1733	1744	0.64
1736	1999	0.36
1736	2134	0.61
1739	2150	0.43
1744	2213	0.62
1748	2051	0.99
1750	1751	0.99
1750	1753	0.99
1750	1828	0.34
1750	1829	0.32
1750	1830	0.32
1750	1831	0.38
1755	1756	0.68
1757	1822	0.45
1758	2008	0.97
1763	1767	0.69
1763	1768	0.69
1765	1768	0.93
1766	1769	0.29
1767	2025	0.69
1767	2028	0.7
1767	1771	0.78
1768	2025	0.69
1772	1773	0.95
1774	2009	0.75
1774	2011	0.4
1775	1776	0.45
1778	1974	0.65
1778	1923	0.64
1780	1781	0.99
1781	1782	0.98
1781	1783	0.64
1781	1784	0.9
1782	1784	0.92
1782	2101	0.57
1787	2280	0.59
1802	1803	0.88
1810	1853	0.99
1810	1854	0.78
1811	1812	0.3
1811	1813	0.28
1811	1814	0.3
1815	2130	0.29
1815	1836	0.39
1824	2084	0.77
1824	2307	0.85
1828	2246	0.99
1828	1829	0.99
1829	2247	0.4
1829	2248	0.3
1829	1830	0.74
1838	2540	0.77
1846	1992	0.99
1846	1993	0.91
1848	1916	0.52
1848	1917	0.52
1848	1918	0.52
1861	2220	0.4
1866	2082	0.63
1868	2195	0.29
1871	1872	0.39
1875	2075	0.31
1875	2076	0.61
1880	2308	0.39
1881	2487	0.84
1883	1884	0.99
1883	1885	0.74
1884	1886	0.99
1884	1887	0.99
1884	1885	0.74
1885	1886	0.77
1885	1887	0.91
1885	2000	0.36
1886	1887	0.49
1889	2132	0.99
1892	1896	0.97
1894	1931	0.4
1894	2137	0.88
1894	2138	0.55
1897	1898	0.61
1898	2508	0.91
1898	2509	0.77
1898	1967	0.63
1898	2510	0.77
1914	1956	0.75
1915	2530	0.99
1919	1920	0.97
1919	1921	0.97
1920	1921	0.99
1922	2057	0.91
1922	1985	0.68
1922	2224	0.75
1923	2295	0.71
1925	1926	0.98
1927	1928	0.99
1928	1929	0.37
1930	1931	0.94
1933	1934	0.29
1934	1935	0.98
1941	1942	0.82
1942	1943	0.61
1945	1946	0.36
1945	1947	0.36
1945	1948	0.36
1952	1953	0.75
1953	1955	0.4
1957	2017	0.3
1961	2288	0.99
1963	2388	0.75
1967	2541	0.63
1973	2059	0.48
1975	1976	0.29
1977	1981	0.45
1978	1982	0.97
1978	1983	0.29
1980	1984	0.63
1986	2525	0.84
1989	2039	0.99
1989	2148	0.78
1989	2149	0.61
1996	1997	0.94
1999	2262	0.36
1999	2473	0.36
1999	2474	0.32
1999	2475	0.32
1999	2476	0.36
2006	2007	0.4
2007	2008	0.33
2009	2010	0.9
2010	2011	0.77
2010	2058	0.7
2012	2013	0.99
2015	2168	0.99
2017	2313	0.98
2017	2391	0.87
2019	2020	0.32
2019	2021	0.32
2019	2022	0.36
2023	2529	0.32
2029	2031	0.99
2029	2030	0.99
2029	2032	0.84
2030	2031	0.99
2030	2033	0.77
2033	2513	0.99
2034	2358	0.29
2035	2154	0.29
2036	2536	0.59
2037	2039	0.83
2040	2041	0.77
2046	2047	0.48
2052	2053	0.88
2052	2054	0.31
2057	2221	0.55
2057	2223	0.29
2057	2224	0.99
2069	2070	0.45
2069	2071	0.77
2071	2072	0.91
2075	2500	0.98
2076	2542	0.35
2076	2423	0.61
2077	2078	0.99
2080	2306	0.36
2083	2084	0.84
2085	2511	0.63
2091	2204	0.99
2091	2205	0.45
2096	2097	0.3
2097	2098	0.4
2099	2100	0.97
2101	2549	0.75
2104	2208	0.99
2104	2209	0.57
2104	2214	0.99
2104	2216	0.98
2104	2211	0.99
2104	2212	0.96
2104	2142	0.57
2106	2113	0.99
2108	2114	0.39
2108	2115	0.98
2120	2424	0.4
2120	2425	0.33
2122	2182	0.56
2122	2258	0.99
2123	2124	0.39
2123	2125	0.39
2123	2126	0.39
2129	2130	0.8
2129	2131	0.4
2132	2133	0.36
2135	2281	0.99
2135	2282	0.77
2141	2142	0.61
2141	2143	0.63
2142	2451	0.32
2142	2471	0.61
2143	2270	0.97
2143	2271	0.76
2143	2273	0.97
2143	2274	0.98
2143	2272	0.41
2145	2433	0.32
2145	2481	0.32
2145	2482	0.32
2146	2147	0.88
2147	2514	0.36
2152	2432	0.39
2152	2252	0.59
2154	2155	0.98
2154	2156	0.99
2156	2157	0.59
2156	2158	0.97
2157	2158	0.47
2161	2162	0.33
2161	2163	0.32
2161	2164	0.32
2167	2402	0.58
2181	2182	0.74
2183	2186	0.99
2183	2187	0.98
2185	2186	0.99
2185	2187	0.99
2186	2187	0.99
2186	2188	0.86
2195	2196	0.29
2195	2197	0.29
2195	2198	0.34
2199	2200	0.96
2207	2502	0.36
2208	2209	0.99
2208	2210	0.99
2208	2211	0.9
2208	2212	0.99
2208	2213	0.61
2209	2214	0.99
2209	2212	0.87
2210	2214	0.99
2210	2216	0.98
2210	2213	0.92
2210	2211	0.99
2210	2212	0.97
2211	2218	0.41
2211	2216	0.58
2212	2214	0.99
2212	2219	0.31
2212	2213	0.91
2213	2214	0.42
2213	2226	0.59
2214	2216	0.58
2219	2293	0.39
2221	2222	0.39
2221	2223	0.99
2234	2235	0.7
2239	2242	0.33
2243	2245	0.45
2245	2332	0.63
2245	2333	0.65
2251	2252	0.77
2252	2371	0.77
2258	2259	0.98
2264	2265	0.97
2264	2266	0.99
2265	2266	0.9
2265	2267	0.99
2266	2378	0.44
2266	2267	0.97
2268	2269	0.99
2270	2271	0.99
2270	2272	0.39
2270	2273	0.45
2271	2273	0.39
2279	2280	0.99
2280	2427	0.82
2285	2286	0.3
2290	2523	0.32
2291	2292	0.7
2293	2369	0.39
2293	2370	0.39
2310	2311	0.29
2312	2313	0.85
2315	2318	0.59
2318	2538	0.77
2323	2324	0.99
2323	2325	0.35
2325	2506	0.83
2326	2327	0.99
2326	2328	0.99
2326	2329	0.99
2351	2352	0.39
2356	2357	0.98
2358	2359	0.29
2359	2429	0.39
2360	2361	0.29
2377	2493	0.99
2388	2389	0.37
2393	2395	0.44
2403	2404	0.3
2404	2405	0.99
2406	2407	0.4
2408	2409	0.99
2409	2410	0.77
2420	2421	0.84
2422	2423	0.77
2423	2558	0.61
2430	2431	0.61
2432	2433	0.39
2432	2434	0.39
2450	2451	0.32
2450	2452	0.4
2464	2465	0.43
2464	2466	0.95
2483	2484	0.29
2483	2485	0.98
2488	2489	0.99
2508	2509	0.4
2519	2520	0.34
2537	2543	0.77
2542	2551	0.35
