683	658	665	656	549	-1	661	567	571	674	-1	564	681	570	-1	664	673	801	552	550	-1	548	672	-1	657	659	-1	566	558	559	-1	670	-1	891	-1	-1	561	-1	-1	573	569	-1	563	-1	-1	556	682	-1	677	551	553	667	663	-1	666	572	662	557	565	669	678	-1	675	-1	668	-1	560	568	676	671	680	574	562	679	575	555	
-1	318	208	-1	213	-1	206	261	-1	-1	173	185	534	344	343	-1	356	203	501	-1	215	837	190	529	309	538	500	254	357	349	195	-1	545	244	257	217	350	358	236	238	210	-1	201	-1	170	-1	189	229	228	205	446	-1	-1	361	251	-1	353	
-1	-1	984	-1	-1	-1	-1	982	156	-1	-1	-1	-1	-1	-1	286	-1	-1	-1	-1	316	480	-1	-1	-1	-1	-1	-1	-1	-1	-1	-1	
-1	-1	492	
705	-1	-1	997	-1	708	-1	998	-1	-1	709	-1	-1	-1	-1	-1	-1	-1	-1	-1	-1	-1	-1	1000	712	
-1	-1	932	-1	-1	743	929	930	
66	69	68	
355	644	346	
815	819	632	828	817	813	818	821	809	810	620	631	820	807	
773	714	711	55	764	775	
639	276	507	179	273	-1	341	-1	283	274	-1	511	-1	342	-1	-1	645	-1	-1	494	272	289	971	280	
856	859	854	853	860	855	858	857	852	851	
-1	921	922	-1	920	
258	259	262	
478	724	486	719	485	462	722	-1	482	479	
388	383	378	
194	197	-1	183	193	178	260	
-1	-1	32	-1	-1	-1	-1	-1	97	-1	-1	-1	99	-1	-1	98	889	-1	-1	-1	-1	-1	91	80	86	794	89	-1	94	-1	88	-1	84	
212	252	648	180	247	22	225	-1	231	188	209	234	216	312	543	219	-1	304	224	-1	651	214	-1	230	537	223	348	-1	255	-1	-1	-1	-1	546	-1	186	535	256	-1	182	221	531	315	239	249	-1	232	200	307	303	-1	311	220	196	218	-1	243	226	202	241	536	198	240	-1	-1	227	177	237	-1	222	235	250	-1	-1	351	187	374	373	211	207	191	
-1	503	475	476	-1	471	-1	74	
-1	940	957	-1	-1	-1	-1	-1	-1	-1	-1	-1	-1	851	-1	-1	-1	-1	-1	-1	856	-1	-1	-1	-1	-1	-1	935	942	854	-1	-1	-1	-1	-1	-1	858	-1	-1	-1	936	859	-1	-1	-1	-1	857	-1	-1	-1	860	-1	-1	941	-1	-1	-1	-1	-1	939	-1	-1	938	-1	-1	-1	-1	-1	-1	-1	-1	-1	-1	-1	-1	-1	852	-1	-1	853	-1	-1	-1	-1	-1	-1	-1	-1	-1	-1	-1	-1	855	-1	-1	
-1	-1	-1	492	
-1	-1	-1	-1	-1	-1	-1	-1	-1	-1	715	716	-1	-1	-1	-1	-1	-1	
428	421	423	425	426	422	420	
-1	658	665	673	672	683	661	674	664	-1	-1	663	-1	657	659	670	681	682	677	656	667	666	662	669	678	675	668	676	671	680	679	
700	694	703	691	692	690	686	695	697	50	689	698	699	704	707	687	-1	696	701	688	702	
-1	-1	442	441	436	
388	380	387	378	
-1	138	527	-1	639	276	-1	125	507	179	106	108	273	134	122	-1	341	-1	132	274	104	-1	146	-1	162	112	-1	136	511	516	-1	-1	342	149	-1	-1	141	-1	-1	109	-1	283	-1	157	140	107	520	-1	-1	645	103	-1	-1	-1	-1	-1	-1	-1	127	119	-1	123	137	494	143	517	-1	-1	-1	-1	272	289	419	971	152	204	280	-1	-1	128	
540	-1	-1	
-1	-1	-1	-1	415	861	-1	-1	-1	865	-1	-1	-1	-1	-1	864	-1	-1	-1	-1	-1	-1	435	-1	433	-1	-1	866	432	-1	
-1	-1	940	941	935	957	942	-1	-1	-1	-1	-1	-1	939	-1	-1	-1	938	-1	-1	-1	936	-1	-1	-1	
-1	921	922	920	
-1	-1	-1	-1	-1	-1	-1	-1	-1	-1	-1	-1	-1	-1	-1	-1	-1	-1	-1	-1	-1	-1	-1	922	-1	-1	-1	-1	
-1	316	-1	-1	-1	-1	480	-1	-1	-1	-1	-1	286	-1	
620	491	828	490	822	816	817	821	814	813	631	811	632	
866	864	865	
-1	389	410	411	412	
-1	909	914	-1	-1	-1	-1	-1	-1	-1	-1	-1	911	-1	912	-1	-1	913	-1	-1	-1	-1	-1	-1	-1	-1	-1	-1	910	
-1	-1	-1	-1	-1	-1	-1	-1	-1	-1	-1	-1	-1	-1	-1	-1	-1	-1	-1	715	-1	-1	-1	-1	-1	-1	-1	-1	-1	-1	-1	-1	-1	-1	-1	-1	-1	-1	716	-1	-1	-1	-1	-1	-1	-1	-1	-1	-1	-1	-1	-1	-1	-1	-1	-1	
594	591	597	605	581	602	583	613	-1	577	585	593	603	611	608	579	587	612	592	576	607	589	606	-1	578	595	600	582	596	588	584	586	599	590	-1	-1	
-1	-1	-1	-1	415	861	-1	-1	-1	-1	-1	864	-1	-1	-1	-1	-1	-1	435	-1	-1	-1	-1	-1	-1	865	-1	-1	-1	-1	-1	-1	-1	-1	-1	-1	-1	-1	-1	-1	-1	-1	-1	-1	-1	-1	433	-1	-1	432	866	-1	-1	-1	-1	-1	
415	432	435	
-1	921	922	920	
-1	921	-1	920	-1	-1	922	
782	66	69	-1	68	
874	832	724	879	830	877	875	50	878	479	
93	92	797	
624	50	626	
953	948	-1	949	950	951	
691	50	686	817	688	632	628	627	828	697	868	698	-1	699	629	700	630	707	695	702	689	704	696	622	692	694	703	701	621	690	623	687	-1	631	620	
-1	-1	-1	-1	-1	-1	-1	-1	-1	-1	-1	-1	-1	156	
713	760	50	774	767	769	763	771	778	772	829	762	
-1	-1	503	-1	
-1	441	436	
-1	-1	-1	-1	421	-1	428	-1	423	297	425	-1	288	-1	179	426	-1	422	420	
-1	412	385	378	410	383	380	411	387	388	389	
-1	997	998	-1	-1	1000	
-1	-1	-1	-1	-1	-1	-1	156	
7	5	13	12	16	-1	1	6	21	
972	-1	-1	
-1	-1	-1	-1	-1	-1	158	-1	-1	-1	-1	-1	-1	
-1	479	724	830	-1	-1	-1	-1	-1	-1	-1	875	-1	772	-1	-1	-1	-1	773	73	-1	714	-1	761	1001	749	68	-1	878	765	768	-1	-1	456	764	879	55	874	-1	760	-1	-1	759	-1	711	-1	-1	763	158	-1	-1	877	766	-1	-1	-1	762	713	-1	50	-1	-1	638	69	-1	-1	-1	832	-1	-1	-1	-1	-1	-1	775	
94	80	84	86	-1	89	-1	
-1	-1	-1	-1	-1	972	
-1	434	-1	-1	-1	
773	714	711	55	764	775	
754	751	755	752	750	
112	119	140	
-1	-1	-1	-1	-1	-1	-1	-1	-1	171	-1	-1	-1	-1	-1	-1	-1	-1	-1	-1	417	-1	-1	269	
911	909	914	913	912	910	
713	760	766	714	761	759	773	768	711	765	763	55	772	764	775	762	
288	179	297	
540	-1	-1	-1	-1	
-1	752	885	355	751	199	-1	842	354	973	750	258	183	259	197	193	2	178	644	346	755	-1	194	-1	260	262	754	
-1	-1	-1	-1	-1	-1	78	
738	740	-1	736	742	717	741	77	-1	76	79	-1	-1	735	-1	
-1	-1	-1	-1	-1	-1	-1	97	-1	-1	-1	99	-1	-1	98	889	-1	-1	91	794	-1	-1	-1	88	-1	
-1	-1	69	68	
138	527	516	125	112	106	108	122	109	104	146	162	-1	136	-1	149	134	-1	157	140	107	520	204	141	-1	-1	-1	-1	127	123	137	143	517	-1	-1	-1	419	152	103	119	-1	128	
-1	441	-1	-1	-1	-1	-1	-1	-1	-1	-1	436	-1	-1	-1	434	-1	-1	442	-1	-1	-1	-1	-1	-1	-1	-1	-1	-1	-1	-1	-1	-1	
576	591	586	589	583	585	581	584	579	588	587	582	577	-1	590	
935	936	942	-1	938	940	941	939	
713	772	760	50	774	767	769	763	771	778	762	829	492	
-1	922	-1	-1	
713	765	759	55	711	
713	57	760	766	714	761	759	464	773	768	458	711	765	763	55	772	764	775	762	
705	708	709	712	
-1	-1	-1	-1	-1	-1	-1	-1	-1	-1	-1	-1	-1	81	-1	-1	
-1	984	982	-1	
727	447	725	453	455	36	448	454	
613	596	607	597	611	603	605	608	578	600	602	594	595	612	592	599	593	606	
713	57	760	766	714	761	759	773	768	711	765	763	55	772	764	775	762	
559	549	-1	571	-1	570	-1	801	552	550	573	548	561	557	-1	-1	558	-1	-1	-1	-1	-1	569	563	-1	-1	556	551	553	-1	-1	566	572	565	567	-1	560	568	564	-1	574	562	575	555	
864	-1	-1	-1	-1	-1	-1	-1	866	-1	-1	-1	-1	-1	-1	-1	-1	-1	865	-1	
-1	-1	-1	984	-1	-1	-1	-1	-1	89	32	-1	-1	-1	982	-1	97	-1	-1	156	-1	-1	-1	-1	-1	-1	-1	-1	-1	-1	-1	889	-1	286	-1	98	-1	94	-1	-1	-1	-1	-1	316	91	80	-1	-1	-1	86	-1	794	480	-1	-1	-1	-1	-1	-1	-1	-1	-1	-1	99	-1	-1	-1	-1	88	-1	-1	-1	84	
381	398	-1	-1	396	400	
475	476	74	471	
628	629	627	632	621	828	868	817	623	622	630	631	620	
594	591	597	605	581	602	583	613	-1	577	585	593	603	611	608	579	587	612	592	576	607	589	606	-1	578	595	600	582	596	588	584	586	599	590	-1	-1	
713	760	766	714	761	759	773	768	711	765	763	55	772	764	775	762	
7	5	13	12	-1	1	
-1	-1	-1	-1	-1	-1	-1	-1	-1	-1	-1	-1	-1	-1	-1	81	-1	-1	-1	-1	-1	-1	-1	-1	-1	-1	-1	-1	-1	-1	-1	-1	
-1	-1	-1	922	-1	-1	-1	
-1	-1	895	528	953	948	-1	-1	-1	949	950	-1	-1	-1	-1	951	
713	760	766	714	761	759	773	768	711	765	763	55	772	764	775	762	
713	760	766	714	761	759	773	768	711	765	763	55	772	764	775	762	
885	354	355	
