-1	-1	160	
2334	88	
-1	2370	-1	1875	-1	405	-1	
1114	1116	1104	22	1107	1105	280	1110	1028	228	1109	1012	330	1118	1112	1102	1108	365	743	1040	1120	1103	276	2074	1119	1117	
-1	-1	-1	-1	-1	-1	1073	
102	150	821	2456	2072	975	777	1884	1100	2354	
1333	1325	1326	1323	140	1324	1636	41	2096	1329	1331	1330	1328	1327	
429	77	1502	
2152	1101	2371	-1	-1	-1	186	
1286	1282	250	1577	1288	1293	952	
1246	-1	2518	1671	
388	2273	
1227	1231	1229	1228	2471	-1	1226	870	-1	1230	
2047	-1	2046	1468	
1177	223	
74	744	190	693	155	118	
-1	1931	
1424	1419	999	997	1432	1423	747	387	1437	757	753	1427	1431	1425	758	1422	743	1430	1433	1428	756	
367	1379	1870	1377	1376	93	
144	496	
240	1037	306	
975	1356	-1	628	-1	2456	
324	330	193	311	322	326	208	329	314	226	316	-1	
13	1062	1642	1646	10	9	1058	1059	498	605	1065	608	1643	
63	2173	2353	1438	407	286	455	403	425	1113	175	115	406	
994	1422	1437	753	757	710	991	743	747	758	999	997	996	387	1000	1001	
2317	84	119	
-1	-1	-1	-1	-1	2416	
758	521	749	754	747	753	752	1422	756	743	1437	755	757	
600	1056	1459	1458	578	1461	1460	
1971	539	206	-1	2281	215	-1	1204	-1	-1	-1	2135	
1241	1240	945	1238	1239	
1025	914	1901	
78	1711	1710	1407	
2224	2057	1895	-1	1922	
2261	2262	243	396	1631	1669	2260	1652	1651	1450	330	-1	
-1	1939	1091	569	-1	1097	1092	-1	1094	624	1940	1098	1095	637	-1	1096	
1666	-1	-1	
1369	1653	-1	
1703	-1	-1	-1	-1	354	
-1	-1	2272	-1	-1	-1	-1	-1	
2156	1027	2154	2158	128	2155	2157	926	
960	422	961	964	965	963	956	957	
782	773	780	
-1	-1	1843	551	-1	-1	
417	2057	-1	1810	182	-1	296	730	-1	-1	1806	704	2223	2437	-1	347	706	1807	1985	453	980	722	1895	-1	-1	584	546	2497	2222	148	716	2221	-1	2462	-1	-1	-1	650	1778	1922	1273	-1	1809	-1	1497	-1	1201	649	581	1808	742	-1	2535	-1	2224	
-1	1123	1681	1680	11	1679	
1062	1066	605	498	13	1065	965	1607	1060	618	1642	958	574	962	963	1061	433	774	9	1643	957	422	1058	959	608	956	960	10	961	964	576	1646	
728	723	
178	415	187	411	
-1	-1	-1	2026	-1	-1	308	-1	
604	-1	195	-1	651	-1	-1	1804	
40	686	138	405	666	685	586	663	654	684	-1	661	660	95	154	662	
198	579	
1569	2489	2488	-1	
963	52	
562	-1	1556	-1	136	2043	-1	
820	2117	1760	
683	2072	2071	2069	
1324	1326	1312	1329	41	2096	1327	-1	1330	1636	1328	140	1325	-1	1340	1323	1331	1333	1341	
341	342	349	
503	1864	500	
1261	767	-1	-1	
-1	-1	-1	987	-1	-1	986	-1	-1	-1	
-1	-1	1897	-1	-1	
2101	-1	1650	-1	-1	1380	1829	234	2415	1830	-1	1410	2480	360	2246	2247	479	
820	1285	56	1294	1741	1283	1288	1451	1183	1292	1139	1284	1293	1287	330	1128	1289	2450	1291	952	1290	
406	1287	2061	1286	1128	-1	1183	1139	1136	952	1033	1297	1291	250	1288	1282	222	56	1285	1293	1283	1284	
2471	1230	-1	1227	870	-1	1229	
2139	
2091	766	350	566	1236	1232	1235	
721	802	2104	2210	731	2209	732	2208	2211	2214	2213	729	2216	
1997	1327	1326	-1	17	1328	385	
1237	1233	1234	-1	
-1	1160	1426	-1	
1342	1312	295	17	-1	1341	1340	
1443	257	336	1728	1488	
-1	1740	
26	861	863	862	
2261	1741	316	205	1286	311	1191	224	
1809	1810	581	1806	584	1807	1808	
-1	-1	-1	2241	-1	954	-1	-1	1673	
2326	2327	2328	974	
1239	945	1241	1240	1406	380	1238	
870	1230	-1	2471	-1	1229	1227	
857	831	183	252	
1634	1624	1649	1629	243	1630	392	1627	330	396	1631	1414	1741	1626	445	-1	1651	1628	-1	220	
498	963	1065	1061	965	1646	1062	1066	422	
311	-1	-1	-1	-1	316	2061	
-1	2360	-1	2361	
2271	2143	2270	
-1	401	-1	1904	-1	-1	-1	1910	1906	1903	-1	2149	-1	1160	-1	-1	
765	2235	2236	2234	
1927	1928	
181	175	
-1	1607	-1	-1	-1	1452	2511	-1	
327	231	331	2061	219	73	291	320	209	314	1515	-1	204	
-1	-1	1670	-1	-1	-1	
1990	933	1007	
1286	1287	1139	222	64	1282	1183	952	250	1285	56	1291	406	1283	1288	1293	2061	1033	
117	1578	1579	131	1583	
211	2183	2187	2184	1472	2185	2186	
2535	-1	296	1778	
1128	-1	2061	1515	239	241	331	146	320	224	291	
2511	-1	-1	1607	-1	-1	-1	
1143	1146	510	535	1144	
554	557	
1347	1350	828	1346	1345	
1910	-1	
-1	-1	1558	-1	-1	1477	
1923	452	
1519	1188	1187	1549	
-1	-1	-1	-1	-1	-1	-1	-1	1881	-1	2299	2487	
1398	1405	486	507	216	
2395	463	147	
2093	872	2094	720	
371	-1	
-1	1781	1782	
774	574	958	961	962	576	959	
150	-1	2354	812	
884	-1	885	887	
1375	2056	1421	1442	1440	1439	
44	1611	1274	87	14	2003	65	
127	1853	594	2054	1264	-1	1810	
-1	-1	1522	-1	1167	
274	1308	1307	1304	236	1181	1180	
1575	1574	582	149	
1153	2249	
1245	667	302	1751	1215	1750	214	1753	
2275	1544	
-1	218	2402	2353	
1765	1768	1224	1367	-1	1767	2027	518	2025	1169	
2499	
444	249	438	
974	2327	-1	201	1719	159	158	-1	2328	255	2326	-1	181	173	-1	2329	200	1558	787	171	1477	-1	454	175	1479	
1604	1603	469	1457	
311	313	320	316	327	221	-1	1515	315	314	156	312	317	170	
-1	1355	-1	
-1	-1	-1	-1	-1	-1	-1	-1	-1	-1	-1	-1	1723	-1	-1	-1	1731	2543	2439	
1706	-1	512	-1	
2321	-1	-1	
-1	2345	
1391	2032	2030	2029	2031	
-1	1161	867	1159	-1	850	588	-1	1164	
-1	546	-1	
684	-1	-1	663	586	-1	654	-1	-1	
1736	-1	-1	354	615	
69	32	1755	
1982	1978	2217	1956	
751	330	752	
110	834	692	623	1543	
1497	-1	-1	
-1	1935	1934	
1930	1931	
1356	1101	-1	1517	607	2371	2046	-1	2047	-1	628	2152	-1	1468	
1053	423	
1661	2024	450	-1	1633	1662	1660	-1	-1	1251	
1119	1118	1284	2074	1285	1121	
-1	1284	1288	808	115	748	1285	1183	
393	1802	1803	
1059	1060	1062	433	1055	1065	1066	618	1061	
2270	2143	2273	2271	388	
1160	-1	1890	1355	-1	541	1349	607	407	1346	-1	1885	1538	1965	-1	-1	1100	-1	-1	-1	523	777	-1	-1	
2237	1412	-1	
2221	2057	2222	2223	
2558	-1	-1	
86	2172	142	1737	1621	
1180	1181	-1	236	274	
356	318	2203	
2251	1821	1823	616	-1	436	-1	-1	
102	821	1885	1886	785	1890	1883	1884	1965	1887	
802	2104	2209	2210	731	2213	729	732	2208	2214	
485	472	
1180	230	274	1181	236	
188	330	246	219	1002	
-1	1382	1016	-1	1006	
2173	218	1623	-1	2353	
357	284	
1101	2371	2152	
1074	1075	1077	1076	1046	-1	
-1	1883	-1	683	-1	785	-1	821	812	102	536	828	-1	523	150	2072	975	777	-1	-1	-1	2225	1100	405	1884	-1	2071	-1	1887	1886	1347	-1	-1	1348	1426	1350	2069	247	541	
942	944	2330	946	
2390	-1	
94	-1	
-1	1328	2308	
2102	1170	-1	
472	485	-1	218	
-1	1328	140	-1	
1156	1157	1155	
-1	706	2497	980	
1702	2258	-1	2122	2259	
1780	1781	-1	
624	-1	-1	-1	
275	532	736	738	734	735	737	95	
274	1181	1180	1306	236	
975	1468	-1	
-1	1923	-1	452	-1	
293	262	27	1549	
403	455	63	286	425	
-1	-1	-1	-1	2520	-1	-1	-1	-1	
15	5	2	3	6	1	
1495	-1	
187	253	411	410	415	178	
-1	-1	457	2120	
131	1583	1578	1579	117	
1583	1580	4	
2347	217	303	305	
1329	385	1328	331	140	
827	1345	
2544	381	-1	2134	
409	
1226	1228	1231	
2102	1170	1267	2339	-1	
2357	2356	
2266	2267	2264	108	2265	
1015	1209	
554	557	
1006	1018	1016	
-1	1004	923	543	
253	410	1305	415	
-1	2386	124	760	1481	
530	2341	2340	
2288	1961	1573	
750	
52	-1	603	1061	1743	1724	472	1298	71	1848	
1921	378	1919	1920	
877	587	
1659	-1	-1	
-1	1999	
1299	427	430	428	-1	-1	432	431	849	
1733	2538	2539	
53	-1	
543	-1	1004	-1	
750	
-1	429	-1	2474	
-1	570	560	
1791	
1445	590	1443	
83	-1	938	939	
1231	
-1	1764	-1	
-1	164	-1	
1128	1291	
2114	786	
2483	2485	
209	73	231	
1754	215	244	310	
150	2354	975	1101	2152	1886	2371	
1553	707	1317	
106	144	
288	1489	1488	
1399	160	-1	
-1	2296	167	
2530	1915	
1163	
1977	1981	145	
380	1406	
1799	207	
412	416	328	
148	-1	
2100	2099	
-1	457	
1545	2364	
407	115	
2165	1714	
2371	2152	1101	
-1	-1	1658	
963	
1267	2339	
1163	
2398	-1	
2525	1986	
-1	741	
2401	668	
1145	2263	
1160	1163	1384	
1583	
1514	1508	
1163	
-1	2398	
