-1	-1	-1	396	-1	381	-1	
699	696	690	686	697	692	693	700	704	702	706	707	50	708	694	688	701	695	621	691	703	689	687	712	709	698	
-1	65	66	63	69	62	-1	73	-1	70	64	71	68	67	
-1	749	1001	
-1	984	982	287	-1	-1	480	
711	759	764	-1	714	775	763	
441	436	
490	805	818	813	491	808	620	821	828	817	627	806	814	816	632	631	621	812	822	811	630	
896	898	897	895	894	528	
296	270	
459	-1	452	
43	50	38	25	48	-1	40	41	28	46	31	32	
593	608	609	594	597	596	598	592	578	599	611	600	613	
473	-1	-1	-1	625	868	477	470	474	-1	472	618	869	
807	631	828	627	817	815	809	621	620	632	818	813	810	821	819	820	
632	623	622	628	620	627	626	631	630	621	828	629	817	
-1	-1	-1	-1	-1	924	-1	900	-1	-1	-1	987	
755	754	752	750	751	
884	139	885	
832	874	720	724	479	877	876	879	878	830	50	875	
585	591	586	589	579	577	576	581	
986	833	985	
-1	-1	-1	-1	-1	-1	-1	417	-1	-1	-1	172	-1	-1	-1	-1	174	-1	-1	-1	-1	418	-1	-1	-1	-1	-1	-1	-1	-1	171	-1	-1	-1	-1	-1	-1	413	-1	-1	-1	-1	-1	-1	-1	-1	-1	166	-1	-1	-1	-1	-1	-1	-1	
268	289	290	285	273	504	
608	612	599	578	593	611	579	-1	605	602	609	582	583	587	577	606	607	590	596	613	581	591	598	584	600	576	585	597	586	589	588	594	
125	419	
74	475	476	471	
379	390	391	381	392	386	388	387	378	380	389	383	382	384	393	385	
577	601	
492	-1	-1	
62	66	786	70	73	-1	67	784	71	-1	68	69	65	-1	414	63	64	-1	782	
335	316	306	
5	13	12	1	
999	-1	-1	-1	-1	-1	998	-1	-1	1000	-1	-1	-1	-1	997	-1	-1	
492	773	713	778	456	760	714	831	765	774	762	768	775	772	50	767	769	829	771	763	776	
869	772	55	711	767	-1	765	762	777	763	766	761	771	764	714	759	770	713	773	775	760	768	
84	
733	197	178	194	193	183	192	
430	422	427	426	420	425	421	423	903	424	429	428	902	
-1	67	66	-1	783	68	72	
199	258	259	262	
-1	922	-1	-1	
785	786	787	783	784	782	414	
832	456	31	39	711	25	489	455	
751	752	755	754	-1	-1	750	
-1	37	-1	483	
457	482	719	462	720	723	718	486	50	724	479	488	456	485	478	-1	878	722	721	487	
578	577	611	606	579	594	608	612	591	
25	-1	-1	-1	-1	31	55	
-1	921	-1	920	-1	-1	-1	-1	-1	-1	-1	-1	-1	922	-1	-1	
451	472	
30	57	58	55	59	54	56	33	53	28	51	32	52	
967	969	959	968	-1	958	
711	772	762	770	923	759	765	763	764	773	713	771	869	760	714	775	55	766	
641	638	640	642	643	
788	302	791	-1	792	789	790	
767	32	55	51	458	461	58	464	33	455	56	
80	86	
794	88	
850	49	484	849	
355	973	354	346	842	
590	583	582	586	587	588	584	
507	494	298	280	291	272	276	
-1	-1	368	-1	-1	
954	955	
941	936	939	938	937	935	940	942	
-1	113	115	119	103	112	110	105	-1	117	
980	
415	432	435	
-1	-1	-1	727	-1	36	448	-1	-1	-1	-1	-1	451	453	-1	-1	454	-1	-1	447	-1	-1	-1	472	-1	
25	27	33	31	30	34	32	51	44	28	29	26	24	23	
-1	-1	-1	503	
949	953	950	948	951	
79	77	735	717	741	740	736	738	742	
380	412	411	387	388	-1	378	389	410	
907	377	908	
79	
624	50	626	
839	-1	
442	436	
-1	984	-1	-1	-1	982	-1	-1	-1	-1	-1	-1	-1	-1	
803	758	
854	851	852	859	860	855	853	858	856	857	
709	708	768	712	773	705	
-1	768	714	-1	618	804	773	765	
592	605	608	607	595	611	612	602	606	
922	-1	-1	-1	-1	-1	-1	-1	625	-1	731	-1	-1	-1	-1	-1	-1	-1	-1	-1	-1	-1	-1	-1	
972	-1	-1	
944	-1	945	943	-1	
524	521	-1	
-1	929	930	743	-1	-1	932	-1	
422	427	425	426	420	429	428	421	423	424	
-1	-1	79	-1	-1	-1	76	
-1	50	-1	59	-1	
984	982	-1	
-1	-1	-1	-1	-1	-1	-1	-1	-1	-1	-1	-1	-1	-1	-1	-1	-1	-1	-1	-1	-1	-1	-1	381	-1	-1	-1	-1	-1	-1	-1	-1	-1	-1	-1	-1	-1	-1	-1	
-1	68	-1	
-1	68	69	-1	
92	93	797	
-1	174	-1	-1	
404	408	409	405	403	406	407	384	
-1	794	32	88	-1	
865	866	864	849	
470	477	473	868	474	
476	275	471	510	475	74	
642	643	638	640	641	
643	637	15	
70	72	68	58	69	
-1	-1	716	715	-1	
976	899	
80	86	
275	510	511	475	
824	
601	-1	-1	606	-1	604	-1	-1	327	-1	
301	269	
281	278	505	
824	
826	
767	771	
996	61	
53	54	57	
-1	924	-1	-1	
-1	-1	-1	984	-1	-1	982	
332	296	
-1	-1	540	
739	
871	1003	1002	
625	618	
982	-1	984	
577	
716	715	
739	
734	919	
922	739	802	
79	
643	
739	
