-1	-1	-1	990	-1	86	-1	
1379	1165	1375	-1	1162	1164	1382	1160	1170	1163	1142	1167	609	1376	1161	1148	1380	1378	42	1374	790	-1	1373	1159	1377	1144	
-1	-1	-1	-1	1196	-1	863	
-1	665	668	667	60	896	-1	897	-1	663	673	664	666	672	
-1	567	-1	343	-1	-1	-1	
1134	1140	1133	-1	1136	1137	1141	
1528	1518	1527	1526	
483	829	
-1	1047	-1	-1	
1082	218	1355	217	-1	-1	-1	1095	-1	1094	
-1	926	-1	-1	
1491	65	
1305	1304	1307	1302	1303	1306	
628	586	
17	16	24	8	10	14	12	2	-1	3	27	6	7	15	11	5	42	9	4	1	33	
763	759	758	762	760	155	
503	275	
1318	-1	-1	
634	609	635	58	658	-1	661	660	1039	655	656	492	
747	740	749	745	733	744	-1	742	736	739	761	750	734	
1433	-1	-1	-1	940	1256	1434	1435	1257	1613	651	43	94	
-1	5	-1	27	3	25	-1	42	12	11	24	8	23	2	26	20	
1510	1508	1509	
-1	1647	-1	
11	29	34	40	12	27	41	5	33	42	-1	922	3	
1018	805	1021	1022	1019	1023	1020	
1445	1444	1448	69	1446	
317	398	314	
-1	796	690	797	
577	462	575	576	578	
608	607	587	47	583	596	599	600	597	595	609	598	
-1	1639	1644	1002	-1	1640	1642	-1	1643	-1	-1	-1	1641	1646	-1	1645	
-1	1463	-1	-1	-1	-1	
-1	-1	-1	1282	-1	-1	-1	-1	
958	959	954	955	957	961	956	960	
730	721	723	-1	717	729	728	726	
1155	67	1493	
-1	-1	-1	-1	-1	1647	
-1	462	857	293	1437	-1	-1	237	-1	-1	1117	179	98	-1	-1	259	178	151	-1	-1	1381	240	575	-1	79	1616	-1	-1	97	476	239	96	-1	-1	-1	-1	576	241	-1	578	-1	-1	620	-1	-1	-1	-1	792	1118	475	-1	-1	640	-1	577	
340	697	357	349	334	788	
740	748	739	736	747	761	717	1203	738	741	749	718	719	727	729	731	732	720	744	734	726	721	-1	-1	750	728	730	733	723	-1	725	745	
117	119	
1625	-1	-1	
90	89	92	669	
1534	44	1535	1537	1649	1533	1536	1531	
1123	1404	1229	86	1231	1232	1228	1236	1230	1235	776	1403	1233	1227	1226	1234	
1049	1190	1188	1050	
729	751	
-1	-1	362	-1	-1	-1	1088	
637	1289	-1	
896	668	791	663	897	-1	672	981	664	-1	666	60	665	1288	977	667	673	-1	980	
969	970	-1	
274	267	508	
757	-1	413	411	
1667	-1	-1	1206	-1	-1	1207	-1	-1	-1	
1689	-1	-1	-1	-1	-1	1299	174	-1	1300	1562	1560	-1	1561	495	-1	169	
637	1131	1042	1171	55	601	1136	1158	1130	1152	1043	1132	1137	1145	609	1041	1151	1149	1154	1141	1150	
94	1145	641	1134	1041	-1	1130	1043	-1	1141	1135	1139	1154	1133	1136	1140	1138	1042	1131	1137	601	1132	
-1	1094	-1	1082	1095	-1	1355	
1169	
771	496	695	420	220	95	419	
784	373	783	779	778	385	372	777	-1	369	785	780	782	
-1	672	668	-1	1477	666	636	
222	401	1447	1443	
-1	711	-1	-1	
978	791	1574	1477	981	980	977	
1031	-1	-1	-1	-1	
1524	1525	
934	1717	
-1	-1	1319	1484	
608	55	656	657	1134	58	-1	418	
620	293	1118	1117	1616	151	475	
901	-1	-1	1475	-1	903	-1	-1	904	
1446	1448	1445	1444	498	1582	69	
1095	1094	-1	-1	-1	1355	1082	
-1	18	-1	53	
51	57	584	56	587	582	-1	52	609	47	583	49	55	585	37	-1	597	581	579	59	
736	729	761	731	717	745	740	748	721	
58	-1	-1	-1	-1	656	641	
-1	-1	-1	1338	
831	830	832	
-1	-1	-1	-1	-1	-1	-1	-1	-1	-1	-1	-1	-1	711	-1	-1	
653	651	
1198	1203	1201	1200	1199	1539	1202	1204	
1311	1143	670	641	-1	-1	-1	-1	1146	1039	1168	492	1040	
950	1520	1244	1519	-1	1516	
627	633	632	
1134	1145	1043	1138	1222	1140	1130	1141	1133	1131	1042	1154	94	601	1136	1137	641	1135	
755	415	414	176	1172	
1666	616	-1	-1	-1	-1	-1	
640	-1	-1	-1	
1041	492	641	1168	618	619	670	614	-1	418	-1	
1202	1198	1199	1203	1201	1200	1204	
-1	-1	-1	1695	-1	
389	1211	
1107	840	1106	1096	1100	
-1	1548	1218	1266	-1	1725	
1269	1270	
1665	647	54	422	
921	-1	-1	-1	-1	-1	-1	-1	-1	-1	-1	-1	
154	1660	173	140	410	
1000	-1	1352	-1	
-1	87	800	1572	
-1	1364	
720	719	718	723	727	725	-1	
1505	-1	1503	1053	1504	-1	
193	-1	-1	-1	
-1	305	333	337	345	335	350	
1605	213	850	296	294	1606	293	
-1	1125	326	-1	-1	
1328	885	-1	-1	1331	1327	1330	
1024	1028	588	1027	
924	909	
473	469	466	439	1467	472	470	471	
624	1453	592	-1	
-1	150	185	152	171	181	198	149	-1	199	
1353	
825	611	826	
-1	-1	1576	610	-1	50	45	-1	-1	-1	-1	1548	653	-1	-1	-1	38	1218	-1	1481	1725	1266	61	651	-1	
1369	1367	1365	1368	
58	-1	-1	656	1311	-1	492	1168	-1	1039	-1	-1	-1	-1	
107	111	
1098	1099	1105	1102	
-1	1097	-1	
-1	-1	-1	310	
993	994	971	997	991	
260	1339	1348	1345	1038	1346	1343	1340	1342	
1235	108	1406	1236	1228	833	1230	776	701	
1420	1624	1463	-1	-1	
938	937	-1	
260	
683	682	-1	-1	
32	609	41	
194	-1	-1	972	-1	
1047	1048	1046	
1469	1185	
622	586	
-1	567	926	-1	-1	-1	-1	-1	-1	-1	-1	-1	-1	-1	
191	699	
1594	1530	1599	1600	1595	1601	1597	1603	1596	1598	
1377	1376	1132	1159	1131	1166	
946	1132	1136	-1	43	30	1131	1130	
883	1571	-1	
742	738	740	732	752	761	748	741	731	
832	830	829	831	483	
711	-1	-1	1097	1099	-1	-1	-1	940	1096	104	-1	-1	-1	-1	-1	-1	1102	-1	1098	-1	-1	-1	-1	
96	462	97	98	
708	-1	-1	
1431	-1	1084	177	-1	
1330	1327	-1	1331	1328	
1274	1273	-1	
798	774	988	870	880	-1	1410	-1	
373	783	385	779	778	785	780	372	777	369	
-1	1350	260	-1	-1	-1	1341	
-1	74	
1330	229	1328	1327	1331	
-1	609	-1	-1	-1	
1239	-1	1238	-1	814	
-1	1453	-1	624	-1	
1593	1092	
567	-1	-1	
1010	1009	1008	380	379	-1	
-1	-1	-1	-1	-1	-1	-1	-1	-1	-1	1103	1106	-1	-1	-1	-1	-1	-1	-1	-1	-1	-1	-1	86	-1	-1	-1	-1	-1	-1	1107	-1	-1	1104	-1	840	-1	1108	-1	
685	686	689	-1	
1086	-1	
649	666	478	
-1	1264	-1	
74	-1	624	1453	
-1	666	60	-1	
1324	1325	-1	
857	178	-1	1381	
1122	1128	1127	-1	1129	1570	1405	1227	
1328	1327	1330	1329	1331	
1656	1269	492	1270	1088	
316	421	1547	422	
1435	1434	1433	1256	1257	
-1	-1	-1	-1	-1	-1	-1	-1	1720	
1489	62	1487	1488	1486	1485	
1125	-1	-1	
92	332	669	696	89	90	
-1	-1	1633	819	
943	1556	
176	1172	415	414	755	
1172	1175	1174	
-1	-1	-1	1673	
663	636	666	670	60	
1101	1100	
1611	1607	-1	1610	
-1	217	218	
-1	1264	1178	263	-1	
617	770	
691	574	692	737	1209	
604	-1	
389	1211	
814	821	1238	
1425	1424	1691	1416	
332	696	789	89	
694	965	984	936	983	
464	
751	-1	-1	731	-1	100	74	-1	501	1192	
1249	554	1248	1213	
1507	1292	1506	-1	
336	322	
347	342	353	
-1	-1	-1	1625	
1551	1474	1498	1471	1261	1692	1500	1501	-1	
68	1494	
1416	1425	1424	1426	
464	
13	
31	591	1031	
225	224	231	226	
218	
-1	1604	-1	
1700	932	
1041	1154	
-1	915	
1146	-1	1143	
-1	-1	-1	567	-1	-1	-1	
-1	764	-1	
687	
511	503	
-1	-1	1522	
1347	
1582	498	
803	693	
78	-1	-1	
476	-1	
1502	1499	
913	912	
-1	1633	
940	43	
1717	1716	
1628	190	
-1	-1	567	
1626	-1	-1	
729	
1178	263	
1347	
1427	-1	
103	-1	
711	1347	1344	
260	
1172	
467	1566	
1347	
1726	1427	
