1075	1069	1061	1071	451	-1	1054	406	452	1076	-1	458	1079	447	449	1060	1059	-1	426	433	-1	424	1078	1045	1064	-1	-1	444	435	428	455	1081	-1	1278	-1	-1	430	463	-1	425	423	-1	446	-1	-1	437	-1	-1	1068	438	440	1066	1055	381	1072	448	1062	443	456	1058	1056	-1	1063	-1	1070	-1	427	431	1067	1077	1074	460	434	1073	377	441	
-1	-1	1383	-1	238	-1	303	360	286	366	1422	315	-1	330	270	-1	242	319	365	-1	327	1441	323	-1	565	-1	306	802	236	-1	1490	367	211	497	318	899	-1	205	-1	898	200	-1	354	-1	338	-1	167	329	416	203	210	700	-1	688	325	-1	250	
-1	-1	567	-1	-1	-1	-1	-1	183	-1	-1	-1	-1	-1	-1	407	-1	-1	-1	-1	267	-1	-1	-1	-1	954	-1	-1	-1	-1	-1	-1	
1289	-1	637	
1305	-1	1303	1302	1306	1307	1304	-1	
1166	1564	-1	495	1563	1376	1560	1299	-1	-1	1377	-1	1509	-1	1510	1508	-1	-1	1562	-1	-1	218	-1	1300	1159	
-1	798	1410	880	-1	870	774	988	
668	60	666	
-1	1177	-1	-1	-1	
154	417	140	
1048	1046	1047	
25	26	11	-1	3	8	24	2	-1	23	12	5	20	-1	
-1	-1	-1	-1	-1	-1	921	-1	-1	-1	-1	
1131	1136	1134	641	1133	1137	
180	350	-1	233	334	-1	172	-1	515	341	1590	789	-1	893	1430	1498	-1	1632	-1	305	335	697	817	337	
1596	1600	1594	1597	1595	1601	1603	1598	1599	1530	
-1	-1	711	-1	-1	
401	1447	1443	
-1	-1	-1	-1	-1	-1	1362	-1	-1	-1	-1	-1	-1	1186	-1	
37	47	52	584	585	56	581	-1	57	583	
1228	1403	1230	
1107	840	1106	
420	496	-1	95	220	695	243	
1019	-1	492	-1	805	-1	-1	806	-1	485	-1	-1	493	684	-1	1296	866	-1	677	-1	-1	-1	1308	389	1211	1269	1323	-1	1251	-1	1270	676	1169	
-1	548	538	516	556	505	1682	-1	-1	553	214	546	888	566	227	361	-1	-1	544	212	531	216	-1	539	-1	206	-1	-1	540	707	-1	-1	-1	537	-1	402	-1	266	-1	561	555	-1	201	269	221	-1	813	680	374	529	230	-1	370	550	261	-1	564	1124	-1	775	-1	549	289	-1	-1	-1	1618	551	-1	541	264	278	-1	542	530	545	528	534	301	-1	500	
-1	459	-1	-1	-1	-1	-1	-1	-1	-1	-1	1195	-1	-1	
-1	961	954	686	737	685	689	956	1028	588	691	574	957	1209	692	1024	1027	960	959	958	955	
-1	310	89	92	-1	669	-1	90	
-1	470	102	574	483	691	-1	959	-1	685	689	1416	-1	1530	737	1408	-1	1338	-1	-1	1596	294	-1	1020	-1	805	1018	472	471	1594	-1	831	1679	830	-1	1337	1603	-1	-1	682	469	1600	298	-1	683	1022	1598	-1	829	1199	1595	869	1209	473	-1	-1	1027	588	293	466	-1	1675	439	957	954	832	-1	1201	955	956	1021	1024	1203	1028	-1	-1	1599	961	-1	1597	296	850	958	686	1200	1676	902	692	213	-1	-1	-1	1601	960	1023	
-1	-1	-1	637	
-1	-1	-1	1647	-1	-1	1720	-1	-1	-1	263	1178	-1	-1	-1	1264	-1	-1	
-1	-1	1564	-1	1560	1563	1562	-1	-1	-1	
780	372	777	385	779	373	778	
-1	1069	1061	1059	1078	1075	1054	1076	1060	-1	-1	1055	1045	1064	-1	1081	1079	-1	1068	1071	1066	1072	1062	1058	1056	1063	1070	1067	1077	1074	1073	
1160	1161	790	1374	1164	1375	-1	1378	1162	609	-1	1144	1379	1170	1167	1373	-1	1165	1380	1148	1163	
1427	1726	622	628	586	
-1	705	-1	-1	1282	-1	-1	-1	-1	
1228	1235	1236	1230	
-1	-1	-1	1369	1365	1367	1036	1368	
-1	137	165	-1	180	350	-1	117	-1	233	131	186	334	139	164	-1	172	-1	133	341	1113	-1	-1	1590	128	181	-1	116	789	1016	-1	-1	893	161	-1	-1	126	-1	1430	120	-1	515	-1	129	163	132	127	193	-1	-1	171	-1	-1	1116	-1	1147	-1	-1	148	152	1632	145	1013	305	123	160	-1	-1	1428	1498	335	697	119	817	157	209	337	-1	-1	143	
1522	-1	-1	
1301	61	-1	225	825	-1	-1	-1	1328	316	1331	-1	-1	-1	-1	1547	-1	1177	229	231	224	-1	826	1330	631	1327	-1	421	611	226	
294	869	470	473	472	102	471	296	831	483	293	850	1679	466	830	1675	1676	439	902	213	832	469	298	1408	829	
-1	-1	711	-1	
840	-1	-1	-1	-1	1103	-1	-1	1101	-1	1107	-1	-1	-1	1104	1106	-1	-1	-1	-1	-1	1108	1100	711	-1	-1	-1	-1	
-1	267	-1	-1	-1	-1	-1	-1	-1	-1	-1	-1	407	-1	
1103	-1	-1	1101	-1	-1	-1	1107	840	-1	-1	1106	-1	1100	-1	1108	-1	-1	1104	-1	-1	
12	10	-1	17	4	15	3	2	7	8	5	1	11	
1331	1327	229	1328	1330	
1486	1485	62	1488	1487	
421	1547	316	
-1	905	-1	
833	776	701	1406	108	
-1	394	395	1673	1526	-1	1604	-1	-1	-1	1502	903	837	904	391	1528	-1	392	1527	901	-1	-1	-1	1499	-1	1475	-1	1518	836	
1094	-1	-1	1082	-1	1095	217	218	1355	
1091	-1	-1	-1	1667	-1	-1	1206	-1	-1	-1	-1	-1	-1	-1	-1	1672	-1	1264	263	-1	-1	-1	-1	-1	-1	-1	-1	-1	-1	1647	-1	-1	1720	-1	-1	-1	921	1178	1207	-1	-1	841	1699	-1	-1	-1	-1	-1	-1	-1	-1	-1	1372	-1	1724	
959	961	954	960	957	955	956	958	
745	721	733	738	726	741	719	734	1192	729	730	747	722	761	740	717	727	748	742	728	732	-1	731	-1	736	752	750	718	744	725	-1	723	739	720	-1	-1	
1301	1548	-1	225	825	-1	-1	1218	-1	-1	-1	1547	61	1305	1576	1331	1266	-1	826	-1	-1	-1	1725	-1	-1	316	1302	-1	1328	-1	768	-1	1303	-1	224	-1	1177	229	231	-1	-1	1306	-1	-1	1330	-1	631	1327	-1	611	421	-1	1307	1304	-1	226	
825	611	826	
-1	685	689	686	
-1	-1	1527	-1	1526	1518	-1	1604	1528	
-1	-1	711	-1	
-1	-1	-1	-1	-1	-1	711	
-1	-1	-1	-1	901	903	-1	904	1475	
1508	1509	1510	
980	668	60	633	666	
607	608	47	600	595	596	598	609	597	583	
1325	1324	-1	
32	609	41	
-1	863	-1	-1	-1	-1	-1	-1	-1	
1203	1199	1200	1201	
-1	-1	-1	-1	-1	1096	-1	-1	-1	-1	-1	-1	-1	-1	
994	997	-1	993	971	991	
1374	609	-1	3	1148	11	40	27	-1	1162	1256	1144	380	1379	922	1160	33	1167	1378	1163	-1	1170	1165	34	1164	1161	790	1380	42	1375	29	1373	-1	5	12	
-1	-1	954	-1	-1	-1	-1	-1	-1	-1	-1	-1	-1	183	
1053	1505	-1	1504	1503	
-1	-1	-1	1620	
-1	863	-1	-1	-1	-1	-1	-1	-1	-1	-1	1282	-1	-1	-1	-1	705	-1	
-1	764	-1	65	-1	-1	1491	
1042	601	609	1152	1041	1151	1141	1154	1171	1145	1149	1043	
-1	-1	310	-1	
-1	800	1572	87	
830	832	831	
-1	-1	1673	
1726	628	586	
1024	1027	588	1028	
1586	-1	1589	1585	1587	919	1590	-1	1584	1588	
1586	919	1589	1585	372	1587	780	1590	777	232	385	-1	331	1584	233	779	1588	373	778	
833	108	1234	1230	701	1403	1235	1406	1236	1228	776	
1640	1643	1644	1645	1002	-1	1639	1641	-1	1642	1646	
-1	495	1299	-1	-1	1300	
-1	-1	954	-1	-1	-1	-1	183	
412	757	-1	413	1395	-1	411	973	1391	
1022	1023	1020	805	1021	1018	
708	-1	-1	
1586	1589	1585	1587	919	1590	-1	1584	1588	
1692	-1	1471	1261	1498	-1	1015	-1	1551	1474	1335	-1	-1	
-1	583	47	595	-1	-1	606	-1	1261	-1	-1	598	1335	1145	-1	-1	603	1692	1131	897	-1	1136	-1	1139	-1	-1	666	1471	597	1130	1132	1474	-1	55	1133	600	641	607	-1	601	-1	-1	1140	-1	1134	-1	1620	1141	1015	-1	1551	596	1135	-1	-1	-1	1043	1042	604	609	-1	-1	415	60	1498	638	-1	608	-1	-1	-1	-1	-1	-1	1137	
1251	389	1169	1211	-1	1323	-1	
-1	1717	1716	-1	934	708	
-1	827	-1	-1	952	
1131	1136	1134	641	1133	1137	
1444	1446	1445	1448	69	
181	152	163	
151	578	-1	-1	1118	1437	577	-1	98	239	293	1117	97	620	-1	576	575	462	475	-1	237	96	1616	322	
1305	1304	1302	1306	1307	1303	
837	394	395	392	391	836	
1042	601	1135	1136	1139	1140	1131	1132	1134	1130	1141	641	1145	1133	1137	1043	
-1	1692	1551	1471	1261	
331	233	232	
1522	-1	1602	-1	-1	
-1	1448	314	154	1446	222	-1	410	173	1660	69	401	95	1447	496	220	-1	695	417	140	1445	-1	420	-1	243	1443	1444	
-1	-1	1202	-1	-1	1204	894	
-1	1180	-1	
1537	1536	1534	1649	1535	1533	44	
1340	1346	-1	1343	1342	1345	1038	1339	-1	1341	260	1350	-1	1348	-1	
830	483	832	829	831	
1508	1509	1510	
1518	1527	1526	1528	
-1	1453	-1	-1	1094	-1	-1	-1	-1	1082	-1	217	624	74	218	1355	
1019	-1	-1	805	-1	677	806	-1	485	-1	-1	493	684	-1	1296	866	-1	-1	1308	1269	-1	-1	-1	1270	676	
-1	-1	60	666	
1049	1190	1050	1047	1188	
620	151	1118	293	1117	475	
137	165	1016	117	181	131	186	164	120	1113	-1	128	-1	116	-1	161	139	-1	129	163	132	127	209	126	1116	1147	-1	-1	148	145	1013	123	160	-1	1428	-1	119	157	171	152	-1	143	
-1	628	-1	-1	1453	-1	1427	-1	624	-1	-1	586	-1	65	-1	827	218	-1	622	-1	-1	-1	-1	1491	1355	952	764	-1	1094	1082	1726	217	74	
841	1699	-1	-1	-1	1672	-1	-1	-1	-1	1091	1372	-1	1724	
728	721	723	-1	719	730	726	-1	717	725	727	718	729	-1	720	
574	1209	737	691	
797	690	-1	796	803	-1	
472	469	471	869	439	470	473	466	
1042	1145	601	609	1152	1041	1151	1141	1154	1171	1043	1149	637	
-1	711	-1	-1	
1042	1130	1140	641	1134	
1042	1143	601	1135	1136	1139	1140	614	1131	1132	618	1134	1130	1141	641	1145	1133	1137	1043	
298	294	1675	1676	296	902	293	850	1679	213	1408	
1166	1376	1377	1159	
-1	-1	-1	-1	-1	-1	-1	-1	1315	-1	-1	-1	-1	1310	-1	-1	
-1	567	-1	-1	
610	1481	-1	-1	418	50	45	38	
734	744	732	733	761	722	738	740	736	750	741	745	752	748	742	739	747	731	
1042	1143	601	1135	1136	1139	1140	1131	1132	1134	1130	1141	641	1145	1133	1137	1043	
428	451	-1	452	-1	447	-1	-1	426	433	425	424	430	443	-1	-1	435	455	-1	463	-1	-1	423	446	-1	-1	437	438	440	-1	381	444	448	456	406	-1	427	431	458	449	460	434	377	441	
1305	1548	1266	-1	-1	1576	768	1725	1303	-1	1218	-1	1306	1307	1304	1302	
-1	1047	-1	-1	
1524	810	1626	1525	
225	224	226	231	
1547	1305	1548	-1	-1	1266	-1	1306	421	-1	1576	1725	1303	-1	1218	-1	1307	1304	316	1302	
1019	-1	-1	567	-1	-1	-1	-1	-1	1323	492	-1	-1	-1	-1	805	-1	806	485	183	-1	-1	-1	-1	-1	-1	684	-1	-1	-1	-1	866	-1	407	-1	1296	-1	1251	-1	-1	-1	-1	-1	267	1308	389	1365	1367	677	1211	-1	1269	-1	-1	-1	1369	-1	954	-1	-1	-1	-1	676	493	-1	1036	1368	-1	1270	-1	-1	-1	1169	
1586	-1	1589	1585	1587	919	1590	-1	1584	1588	
-1	-1	1369	1365	1367	1036	1368	
764	-1	-1	
-1	797	690	1180	-1	796	-1	803	-1	
86	77	-1	-1	990	1237	
89	92	90	669	
40	922	27	11	42	-1	1256	3	29	34	33	5	12	
745	721	733	738	726	741	719	734	1192	729	730	747	722	761	740	717	727	748	742	728	732	-1	731	-1	736	752	750	718	744	725	-1	723	739	720	-1	-1	
1042	601	1135	1136	1139	1140	1131	1132	1134	1130	1141	641	1145	1133	1137	1043	
462	98	96	97	
412	757	-1	413	-1	411	
-1	-1	-1	-1	-1	-1	-1	-1	-1	-1	1315	-1	-1	-1	-1	1310	-1	-1	-1	-1	1096	-1	-1	-1	-1	-1	-1	-1	-1	-1	-1	-1	
-1	-1	-1	711	-1	-1	-1	
-1	-1	-1	-1	-1	-1	-1	193	-1	-1	-1	
-1	-1	1667	-1	1207	-1	1206	-1	-1	-1	
-1	1337	1338	
-1	-1	762	155	994	997	-1	-1	-1	993	971	-1	-1	-1	-1	991	
1042	601	1135	1136	1139	1140	1131	1132	1134	1130	1141	641	1145	1133	1137	1043	
1042	601	1135	1136	1139	1140	1131	1132	1134	1130	1141	641	1145	1133	1137	1043	
-1	-1	1525	1626	1524	-1	-1	810	
1108	1104	1103	
-1	1094	-1	-1	1082	-1	217	218	1355	
314	173	154	
