1542	1530	897	890	-1	2002	893	1694	889	2086	-1	951	908	-1	-1	895	99	1687	1692	-1	-1	947	903	-1	891	892	1263	1697	1537	2435	-1	901	-1	625	-1	2469	2470	-1	2059	-1	1690	1691	1688	-1	-1	46	50	-1	905	1269	2001	898	888	-1	1536	-1	894	1695	1689	803	1541	1506	2092	-1	899	-1	950	135	904	902	2087	133	1696	907	-1	1693	
-1	-1	-1	-1	-1	-1	1197	1200	109	-1	-1	-1	484	-1	-1	-1	-1	-1	-1	-1	-1	1959	-1	-1	-1	-1	-1	237	2516	-1	-1	2546	-1	-1	-1	-1	-1	413	-1	-1	-1	-1	-1	-1	-1	-1	-1	696	-1	-1	-1	-1	-1	-1	-1	1850	-1	
-1	1356	1101	607	2456	2333	-1	2371	1084	2047	-1	2152	777	2046	-1	489	2288	1897	-1	1468	1864	186	-1	-1	-1	2154	628	975	1100	-1	-1	1573	
2117	1760	820	
74	198	155	693	118	190	744	579	
1121	-1	-1	2246	1360	1118	1410	1829	1226	2480	1119	-1	119	1842	2317	84	1841	-1	-1	1138	2415	1231	-1	1830	2074	
436	2251	-1	-1	-1	616	1821	1823	
1326	140	1328	
-1	130	-1	-1	-1	
1398	-1	507	
1935	1934	-1	
710	1000	758	1437	757	997	999	387	991	996	747	1422	1001	994	
2341	530	2340	
-1	-1	1881	-1	-1	-1	-1	-1	-1	2299	2487	
1285	1288	1286	2061	250	1293	
-1	65	44	235	11	2016	68	-1	1869	-1	641	1305	-1	502	125	430	-1	643	-1	1611	2003	1123	143	87	
-1	-1	1661	1660	1633	1662	-1	1251	450	2024	
-1	401	1160	539	1904	
1233	1234	-1	
2359	-1	1862	2496	-1	-1	-1	1141	-1	-1	-1	-1	-1	1772	1771	
445	396	1627	1649	1626	1629	1628	145	1624	1631	
586	661	654	
1347	1350	828	
566	766	2334	1232	1236	350	545	
578	-1	-1	238	1056	562	-1	2018	-1	2280	-1	2393	1409	-1	1063	629	458	-1	2427	-1	1511	-1	112	554	557	1923	1154	-1	1151	-1	452	1787	2139	
1561	-1	-1	-1	
-1	-1	2013	-1	-1	-1	-1	-1	-1	-1	-1	-1	-1	-1	-1	-1	-1	-1	-1	-1	-1	-1	-1	-1	-1	-1	-1	-1	271	-1	-1	814	-1	-1	-1	-1	622	2298	-1	-1	-1	740	-1	-1	2320	-1	-1	-1	-1	497	-1	-1	-1	-1	-1	1185	-1	-1	-1	-1	2343	-1	-1	1214	-1	-1	-1	-1	179	-1	165	-1	1301	-1	-1	-1	-1	1133	-1	-1	-1	
-1	-1	-1	-1	-1	-1	1561	-1	-1	-1	1862	256	2551	-1	
946	2155	2154	944	108	942	2330	2157	1574	582	2266	2267	128	2265	2264	1575	149	926	1027	2156	2158	
-1	-1	415	187	-1	411	-1	178	
-1	214	-1	2267	388	2266	-1	1027	-1	942	2330	543	-1	2024	108	61	-1	2361	-1	-1	-1	1264	1731	1460	-1	1056	600	1750	1753	1661	-1	2271	19	2143	-1	626	-1	-1	-1	1978	667	-1	1210	-1	1982	1458	1251	-1	2273	-1	1633	-1	2265	1245	-1	2360	149	582	1810	302	-1	157	1751	128	2154	2270	2439	-1	2158	2157	1459	1575	1607	1574	-1	1637	450	2155	-1	1660	2054	594	2156	944	-1	116	1635	2264	1853	-1	946	2543	1662	926	1461	
668	2285	2401	
-1	-1	864	1933	419	
-1	-1	-1	820	
2255	-1	-1	
551	-1	-1	-1	-1	-1	-1	2520	2102	-1	2339	1267	-1	-1	-1	1170	-1	-1	
-1	1841	-1	1842	1410	1360	-1	-1	2480	1138	
729	732	2208	2209	2210	802	731	
1506	1530	897	99	903	1542	893	2086	895	-1	-1	888	-1	891	892	901	908	50	905	890	898	1536	894	803	1541	2092	899	904	902	2087	907	
1110	1112	1120	1040	1105	1104	22	365	1107	330	1103	1117	1114	1028	1012	276	1554	1116	1108	1102	228	
-1	2321	-1	
-1	-1	-1	2543	-1	-1	-1	-1	1731	-1	-1	-1	-1	-1	-1	-1	-1	2439	-1	
2398	-1	1930	-1	1931	
586	684	663	654	
-1	-1	-1	1604	469	1603	1463	1457	
-1	1083	1081	202	-1	65	-1	728	44	235	918	1276	11	1704	1368	2016	68	-1	920	-1	-1	-1	869	641	673	1767	1086	671	1305	913	2025	-1	502	494	2220	981	674	-1	125	1078	1359	1869	-1	672	1766	2168	681	-1	-1	-1	-1	1763	-1	1813	1256	1484	1718	-1	717	1367	643	57	2077	1611	676	1206	-1	-1	515	430	2003	1123	723	143	33	1866	87	1354	-1	1089	
167	-1	2296	
-1	454	2340	83	444	1600	-1	-1	274	293	236	2341	530	1495	-1	27	1617	130	230	938	-1	1909	438	1180	442	1181	409	262	249	939	
1264	-1	214	1245	1750	-1	1753	2054	2271	388	1810	594	19	302	2143	157	116	1751	1635	1853	2270	667	1210	61	2273	
1910	401	1160	1904	
1350	683	1886	1426	1883	536	1884	785	827	-1	1347	2072	821	102	1348	828	2071	-1	1885	1965	-1	247	1345	1160	-1	1538	2069	1887	
-1	1864	-1	607	1100	2333	186	1573	-1	777	-1	-1	489	-1	
536	1884	1965	827	2072	1885	785	1347	1350	683	2071	828	1886	1345	821	247	102	1883	1348	2069	1887	
747	1432	1437	1424	1433	1425	757	387	1431	997	1422	1428	758	
1369	-1	527	1653	
236	1181	230	274	1180	
1573	1961	2288	
6	1	5	3	2	
262	27	293	
1435	-1	839	
160	36	1796	305	1671	-1	164	-1	-1	-1	-1	954	1038	1673	1122	1246	303	1043	2518	-1	-1	-1	-1	-1	217	2241	-1	-1	1042	
1230	2471	1226	1227	-1	870	1228	1231	1229	
161	-1	-1	-1	
-1	-1	-1	-1	-1	-1	-1	987	-1	2102	-1	-1	-1	-1	-1	-1	-1	-1	1170	2339	-1	-1	2299	-1	-1	-1	-1	551	-1	781	-1	-1	-1	-1	2520	-1	-1	-1	1267	986	-1	2487	1198	-1	-1	-1	1881	-1	2219	-1	-1	-1	-1	-1	-1	-1	
1027	2155	2154	926	128	2158	2157	2156	
1646	422	10	1060	957	618	574	1643	1848	963	960	13	382	1065	1062	965	962	1066	1059	956	433	964	1061	1560	498	1055	608	958	9	576	959	961	605	774	966	-1	
-1	-1	2340	83	444	1600	-1	1558	-1	-1	974	27	454	74	-1	236	-1	-1	438	2341	530	-1	1477	841	-1	293	693	2327	274	198	2163	-1	155	1495	-1	1617	130	230	938	-1	1909	118	-1	579	1180	2328	442	1181	-1	249	262	2326	190	744	409	939	
-1	2321	-1	
444	249	438	
946	942	2330	944	
-1	160	2518	-1	1671	-1	-1	164	1246	
1906	401	1160	1904	
-1	401	1906	1904	539	1910	1160	
-1	-1	-1	-1	-1	954	-1	1673	2241	
84	119	2317	
1341	1326	140	933	1328	
2262	2261	396	1652	1450	1669	-1	330	1651	1631	
1157	1156	1155	
751	330	752	
-1	1073	-1	-1	-1	-1	-1	-1	-1	
1607	-1	-1	-1	
1884	-1	1356	1468	1100	1346	-1	683	2072	-1	777	-1	102	-1	
2032	2029	-1	1391	2030	2031	
2047	1468	2046	
1040	330	22	757	1102	758	754	753	1437	1107	286	1117	1076	1114	755	1110	756	1012	365	228	1103	1028	1116	749	1105	1112	1120	1108	743	1104	521	276	1554	1422	747	
-1	1356	2154	628	975	2456	2047	1468	-1	-1	1897	2046	-1	1084	
1442	1375	1439	1440	1421	
-1	859	-1	245	
-1	1073	-1	-1	-1	-1	-1	-1	-1	-1	-1	-1	-1	-1	-1	-1	-1	-1	
1553	707	1412	223	1317	-1	1177	
56	1283	330	1292	1128	1289	952	1291	1294	1287	2450	1139	
2093	2094	720	872	
2143	2270	2271	
303	217	305	
-1	-1	1931	
463	2395	147	
2072	2071	2069	683	
1575	149	582	1574	
638	-1	640	639	644	647	641	642	-1	645	
638	647	640	639	732	644	729	641	2208	340	2209	-1	304	-1	235	2210	645	802	731	
-1	-1	662	654	-1	661	684	-1	663	586	-1	
1097	1094	1091	1096	569	1940	1939	1095	-1	1092	637	
-1	2246	1829	2415	-1	1830	
-1	-1	2543	-1	-1	1731	-1	-1	2439	-1	
-1	1356	2154	628	975	2456	-1	1084	
1529	1261	767	-1	630	-1	-1	446	389	
1458	1461	1460	1056	1459	600	
2558	-1	-1	
638	640	639	644	647	641	-1	-1	645	
-1	-1	428	-1	430	-1	845	-1	1299	427	-1	2474	849	
-1	1631	396	1450	-1	-1	1149	1782	-1	-1	1209	-1	-1	1287	632	-1	830	-1	1285	41	1780	1288	-1	1297	1502	77	1328	428	1651	1183	1284	427	1833	1741	250	1652	2061	2262	2255	1283	538	-1	1282	-1	1286	-1	245	952	845	-1	1299	1669	1033	859	-1	-1	1139	56	1015	330	-1	-1	1578	140	430	-1	849	2261	-1	-1	1538	-1	1781	2474	1293	
1151	554	2139	557	-1	1154	-1	
-1	-1	-1	-1	-1	2558	
-1	1135	-1	-1	251	
538	-1	-1	
1285	1288	1286	2061	250	1293	
1240	1239	1241	945	1238	
1767	1367	1766	
1807	1922	546	-1	581	182	2224	2437	2223	716	1810	1806	2222	1809	-1	-1	1895	2057	1808	-1	730	2221	584	587	
74	744	693	118	190	155	
-1	-1	160	
1038	36	1796	1043	1122	1042	
1489	288	1488	
56	1283	1033	1288	1297	1282	1285	1284	1286	1183	952	2061	1287	250	1293	1139	
849	-1	1299	428	-1	
304	235	340	
167	-1	-1	-1	2296	
1972	945	1901	1398	1239	1237	2498	216	486	1405	1238	1233	1232	1234	766	1236	846	350	-1	507	1241	2334	566	-1	545	-1	1240	
1488	-1	2511	1489	288	-1	-1	
1613	564	1998	
2026	308	-1	-1	-1	-1	-1	
-1	850	-1	588	1164	1159	-1	1161	-1	-1	-1	-1	-1	867	-1	
2143	388	2270	2273	2271	
84	119	2317	
-1	2518	1671	1246	
-1	218	463	147	1230	485	2471	2395	1226	1227	-1	1228	-1	472	1231	1229	
578	-1	238	1056	562	2427	2018	-1	2280	-1	2393	1409	-1	1063	629	458	-1	1511	112	1923	-1	-1	-1	452	1787	
-1	-1	140	1328	
1569	2489	-1	-1	2488	
1809	1807	581	1810	1806	1808	
1083	1081	913	728	1767	918	1276	1368	1078	-1	869	673	1086	671	-1	494	1704	1359	672	1766	2168	681	1866	674	1813	1484	1718	-1	717	57	2077	676	1206	-1	515	981	723	33	-1	1367	1354	1089	
-1	-1	485	1317	218	1553	2398	-1	-1	-1	463	1931	1412	223	1226	1135	1231	-1	1930	2471	2395	-1	-1	1177	1229	251	707	147	1230	1227	-1	1228	472	
1198	-1	-1	-1	781	-1	-1	-1	2219	-1	-1	-1	-1	-1	
538	-1	-1	
956	422	961	964	574	960	957	959	965	576	962	958	963	966	774	
2267	2265	108	2266	
1407	1710	1137	1711	1799	78	
538	-1	1538	
1750	667	1753	-1	1751	214	1245	302	
1884	785	1885	1965	1886	821	102	1883	1887	
56	1287	1283	330	1292	1128	1289	952	1291	1294	1139	2450	820	
-1	1160	1426	-1	
-1	-1	1897	
56	1183	1282	2061	1286	
-1	887	885	884	
56	231	1283	1033	1288	1297	1282	146	1285	1284	239	1286	1183	952	2061	1287	250	1293	1139	
1210	1264	157	116	2054	1635	1810	594	19	1853	61	
1121	1118	1119	2074	
-1	296	-1	-1	372	-1	-1	2069	-1	-1	1961	2071	1573	555	2288	-1	
2152	1101	2371	2288	
201	171	225	173	224	159	158	200	
1643	9	433	10	1065	382	1060	1062	498	608	618	1646	1055	1066	1059	605	13	1061	
56	231	1283	1033	1288	1297	1282	1285	1284	1286	1183	952	2061	1287	250	1293	1139	
2435	-1	2002	889	-1	-1	1691	1687	1692	-1	-1	947	2470	1695	-1	1263	1537	-1	2469	-1	2059	-1	1690	1688	-1	-1	46	1269	2001	-1	-1	1697	-1	1689	1694	-1	950	135	951	-1	133	1696	-1	1693	
74	-1	-1	-1	-1	-1	2163	1477	155	841	1558	-1	118	190	744	693	
-1	-1	-1	1740	
83	-1	939	938	
27	74	-1	2340	530	-1	-1	118	262	2341	-1	1477	155	-1	1558	-1	190	744	293	693	
578	-1	1356	1101	-1	607	2456	-1	2333	1154	-1	238	-1	-1	2371	1056	-1	2018	2280	1084	-1	2393	-1	2047	1897	1468	-1	1063	2152	777	2046	458	-1	489	2288	629	-1	1151	-1	1511	-1	-1	-1	1864	112	554	469	1603	2427	557	-1	1923	186	-1	-1	1604	-1	2154	628	975	1100	-1	1787	1409	-1	1463	1457	-1	452	1573	562	-1	2139	
638	-1	640	639	644	647	641	642	-1	645	
-1	-1	1604	469	1603	1463	1457	
707	1553	1317	
1613	1407	1710	564	1137	1711	1998	1799	78	
405	2106	-1	-1	1875	2109	
415	187	178	411	
754	755	753	758	743	1437	286	757	521	749	756	1422	747	
1646	422	10	1060	957	618	574	1643	1848	963	960	13	382	1065	1062	965	962	1066	1059	956	433	964	1061	1560	498	1055	608	958	9	576	959	961	605	774	966	-1	
56	1283	1033	1288	1297	1282	1285	1284	1286	1183	952	2061	1287	250	1293	1139	
2057	2223	2221	2222	
1529	1261	767	-1	-1	-1	
1356	-1	-1	372	683	1886	-1	-1	1884	-1	-1	2072	777	102	-1	555	2288	821	296	1468	1346	-1	-1	-1	-1	1100	-1	-1	1961	2071	1573	2069	
-1	-1	-1	1160	1426	1538	-1	
-1	-1	-1	202	-1	-1	-1	-1	1256	-1	2220	
-1	-1	-1	-1	986	-1	987	-1	-1	-1	
2360	626	2361	
-1	-1	1377	93	2032	2029	419	2321	-1	1391	2030	-1	864	-1	1933	2031	
56	1283	1033	1288	1297	1282	1285	1284	1286	1183	952	2061	1287	250	1293	1139	
56	1283	1033	1288	1297	1282	1285	1284	1286	1183	952	2061	1287	250	1293	1139	
-1	-1	1740	-1	-1	1544	2275	-1	
538	-1	-1	-1	1538	
247	1348	536	
-1	1230	2471	1226	1227	-1	1228	1231	1229	
2328	974	2326	2327	
1901	486	1398	
