285	475	385	378
722	808	420	174
123	525	224	22
599	897	704	686
306	319	391	378
406	393	712	694
298	182	85	80
603	899	210	22
21	544	104	102
2	5	603	578
407	404	216	170
856	852	97	32
853	861	760	55
924	922	618	616
706	773	790	302
341	255	750	258
699	693	434	415
619	628	318	170
826	454	871	74
950	381	577	576
15	257	292	123
628	830	115	102
467	468	358	170
116	419	994	99
989	872	969	958
530	232	509	273
258	343	706	686
677	247	570	548
202	308	679	656
636	842	868	74
324	182	898	597
517	144	445	231
730	166	567	548
46	623	624	50
948	397	994	99
821	628	77	76
831	632	360	170
959	219	662	656
186	497	619	616
209	213	596	578
439	438	711	55
601	718	196	9
401	391	80	32
909	355	761	55
48	626	637	15
240	379	413	171
161	106	717	11
315	238	66	62
596	852	301	179
732	841	558	548
459	25	407	384
881	643	462	36
786	172	821	490
868	275	453	36
778	760	312	170
79	737	768	55
362	309	640	265
641	355	844	19
139	150	324	22
535	227	850	49
870	473	4	1
818	501	549	548
240	285	383	378
884	345	476	74
677	190	675	656
838	343	698	686
333	309	656	657
910	865	23	24
361	177	947	397
68	55	742	77
862	220	271	179
820	50	711	55
860	612	513	285
733	21	378	379
525	370	659	656
948	689	574	550
317	733	294	22
418	422	433	432
951	396	230	22
393	398	546	22
169	820	660	656
251	270	363	191
48	58	324	22
140	105	866	849
546	241	282	179
947	923	33	24
853	612	530	202
61	35	79	76
982	544	97	32
784	787	355	125
608	588	504	268
1000	999	560	548
160	126	461	36
585	599	937	935
942	937	652	648
649	212	929	737
460	453	110	102
24	51	250	22
1001	245	136	106
455	453	814	490
976	592	17	6
489	483	910	867
666	685	858	851
887	266	450	371
992	1002	376	22
604	861	135	106
343	241	212	170
690	711	509	273
1000	997	596	578
122	518	699	686
48	830	713	55
617	628	950	396
661	256	767	492
457	451	370	196
243	299	364	191
894	601	816	478
634	21	729	167
317	225	992	398
199	638	642	265
390	409	841	19
575	549	617	616
395	396	211	170
615	254	262	178
937	833	201	22
313	251	213	22
694	765	777	713
712	686	74	65
473	871	122	103
854	612	180	170
347	208	903	426
182	382	831	50
50	37	346	125
645	644	333	184
192	341	198	22
62	74	405	384
546	202	45	25
489	456	433	432
146	156	493	263
880	721	735	77
928	921	941	935
355	519	396	381
653	218	47	25
369	655	950	396
592	583	416	172
524	184	648	242
929	717	922	802
573	556	579	576
815	804	997	993
589	578	435	415
591	611	973	21
61	443	846	16
732	655	406	384
144	517	607	544
445	318	630	21
954	19	739	717
599	577	343	185
311	273	552	548
715	717	678	656
412	388	542	22
24	38	248	22
688	767	849	49
921	397	654	317
434	437	121	103
914	355	546	22
924	923	812	490
794	91	1	3
937	938	326	123
509	291	133	106
650	242	387	378
187	329	463	36
425	125	575	566
697	53	576	577
309	261	255	170
873	869	22	6
88	41	844	19
953	951	232	170
193	326	725	458
282	307	239	170
347	316	122	103
865	914	380	378
945	836	570	548
27	53	985	833
843	842	216	170
121	149	152	109
767	694	500	206
722	816	218	170
197	677	157	109
929	733	428	174
744	737	561	548
110	571	507	272
955	841	598	578
582	593	494	263
747	630	902	420
104	134	767	492
614	589	276	179
739	742	459	36
832	25	828	631
148	163	816	478
115	518	359	189
211	319	859	851
338	180	409	384
866	834	663	656
651	652	15	6
727	723	119	102
394	386	360	170
419	152	38	25
281	224	117	102
66	475	799	125
79	738	399	381
160	147	184	22
803	262	838	18
271	22	482	37
251	124	120	103
322	216	172	166
767	770	659	656
251	337	257	9
648	371	557	548
371	547	714	55
937	833	105	102
102	646	204	22
895	606	766	55
562	571	654	317
30	43	622	50
857	861	917	9
880	720	386	226
625	817	590	576
170	364	79	76
846	100	63	58
29	45	613	578
280	198	961	827
215	325	221	22
217	534	314	22
195	497	601	578
286	375	781	523
912	865	41	25
107	118	118	102
984	168	160	114
154	265	4	1
773	58	99	993
20	22	841	19
824	823	220	170
445	217	838	18
483	482	549	548
784	787	91	32
386	227	74	65
594	580	679	656
830	48	733	168
976	592	115	102
462	463	954	544
708	689	562	548
189	644	798	125
366	180	335	184
92	89	852	612
528	111	33	24
128	527	902	420
90	83	308	180
386	392	515	126
895	603	628	50
669	344	1	3
528	126	49	25
231	368	370	196
480	456	432	415
653	250	338	22
874	487	318	170
65	57	603	578
466	448	55	28
838	19	25	23
237	273	38	25
761	52	404	384
856	852	854	851
248	281	67	58
814	815	673	320
790	180	147	106
744	748	741	77
904	397	373	196
145	528	514	343
52	80	278	179
657	261	371	196
952	953	599	578
92	90	663	656
906	328	743	169
226	341	212	170
156	141	269	179
59	70	654	317
317	361	270	22
84	82	294	22
741	738	938	935
409	392	116	102
650	242	331	184
642	191	560	548
536	208	54	28
687	714	895	597
845	21	572	549
712	689	683	657
959	220	869	74
196	290	293	179
696	760	184	22
474	455	275	74
166	238	856	851
996	746	718	457
448	466	743	169
157	116	221	22
635	6	651	648
819	629	755	258
838	892	253	22
116	121	667	656
419	141	478	37
877	488	98	32
598	901	134	106
531	237	84	80
411	383	493	263
394	379	648	242
502	311	111	102
929	655	776	713
141	346	719	457
956	732	853	851
22	500	559	548
996	169	780	523
859	612	185	22
378	400	332	22
1003	1002	775	55
764	30	724	457
98	44	299	179
687	53	861	592
893	842	94	81
240	495	130	106
326	279	131	106
49	821	505	268
664	683	747	169
861	900	277	179
832	621	840	16
162	109	926	922
774	710	326	123
776	55	517	128
686	711	637	15
515	109	270	22
307	292	334	22
65	25	968	958
395	379	833	820
224	446	546	22
13	17	736	77
201	637	85	80
525	522	440	415
910	355	740	717
690	713	733	168
830	630	804	620
774	703	650	648
784	787	433	432
258	212	405	384
14	5	343	185
720	874	894	597
874	462	810	620
858	861	814	490
418	425	836	799
853	861	759	55
489	460	332	22
172	782	625	618
526	527	916	9
420	172	842	16
524	977	819	620
584	599	719	457
315	537	9	3
267	334	893	16
140	527	782	414
686	709	445	231
921	397	655	283
863	363	323	22
442	432	471	74
288	211	674	656
756	736	687	686
577	595	865	849
452	451	553	548
256	183	673	320
635	846	224	22
560	569	370	196
444	198	820	620
116	150	411	389
780	326	616	617
454	821	526	136
72	53	674	656
1003	476	517	128
501	182	338	22
790	180	806	490
146	161	527	135
95	40	122	103
390	226	643	265
959	219	585	576
14	839	893	16
674	299	37	25
348	235	256	22
411	382	924	920
590	578	718	457
539	241	839	18
606	733	435	415
23	61	117	102
849	485	446	229
839	6	672	656
20	5	556	548
439	432	318	170
411	384	63	58
108	127	630	21
486	483	582	576
747	336	299	179
299	232	638	15
753	750	671	320
20	17	74	65
919	729	967	958
368	210	359	189
222	352	299	179
490	36	658	656
74	246	422	9
189	291	396	381
755	194	863	365
194	198	951	948
997	999	166	167
185	227	223	170
689	710	391	378
692	57	491	49
34	46	127	106
774	694	709	687
209	339	361	170
198	290	986	833
284	215	381	378
9	225	220	170
773	697	668	656
714	774	431	174
576	608	8	3
918	18	381	378
300	213	229	170
673	234	607	544
873	275	289	179
974	892	600	578
93	83	223	170
439	438	863	365
614	586	670	656
749	250	864	849
190	248	555	548
313	243	712	694
554	575	289	179
627	831	575	566
38	620	245	177
832	626	855	851
971	215	864	849
646	190	557	548
398	384	430	174
326	649	283	22
214	776	209	22
285	505	180	170
567	681	515	126
411	382	187	170
176	207	306	22
714	686	393	378
360	271	936	935
922	972	146	106
389	186	891	521
486	877	574	550
625	544	425	174
273	177	108	102
405	380	947	397
126	242	496	206
538	200	318	170
815	490	683	657
397	379	871	74
124	120	232	170
572	557	808	490
648	339	71	62
961	630	197	176
6	703	553	548
572	570	771	713
964	747	583	576
659	658	563	548
19	846	413	171
267	235	740	717
367	242	739	717
103	201	328	22
660	668	774	711
287	368	154	109
922	739	390	378
17	4	540	219
895	602	362	170
763	688	216	170
832	41	679	656
200	359	337	184
363	305	184	22
606	852	263	179
579	612	476	74
233	9	219	170
51	23	115	102
732	747	839	18
238	332	825	621
341	286	783	414
91	24	846	16
628	617	215	170
195	166	686	687
916	307	434	415
290	241	160	114
114	127	201	22
222	334	534	210
25	872	306	22
769	492	203	22
466	449	585	576
942	937	29	23
577	601	818	620
739	77	731	168
586	600	481	45
159	104	9	3
564	575	419	125
965	934	506	271
592	586	494	263
375	180	365	191
655	209	271	179
701	713	656	657
777	776	113	102
768	492	846	16
184	276	176	170
194	665	28	23
750	193	593	577
618	811	98	32
545	170	346	125
741	11	59	30
459	447	490	37
787	782	241	22
135	113	601	578
180	319	16	6
733	929	655	283
73	71	346	125
72	51	134	106
516	140	862	363
63	55	782	414
844	841	354	125
171	431	780	523
684	677	632	50
570	560	97	32
1002	74	704	686
986	939	616	617
121	143	58	28
216	369	236	170
803	262	781	523
226	214	504	268
862	256	290	179
898	609	344	185
287	305	113	102
276	220	310	22
978	1004	512	281
211	379	180	170
184	346	874	479
232	541	704	686
240	352	199	176
570	224	581	576
228	295	690	686
554	801	102	103
467	448	438	415
595	590	951	948
491	624	656	657
297	501	17	6
709	57	446	229
822	49	632	50
153	117	599	578
664	683	573	550
943	835	886	286
258	498	808	490
471	872	66	62
748	824	852	612
127	156	683	657
475	447	47	25
184	522	886	286
311	376	522	9
710	56	692	686
752	194	229	170
708	713	244	170
747	21	352	22
536	537	393	378
44	57	262	178
524	158	640	265
449	455	825	621
160	144	707	686
657	210	427	174
47	24	380	378
486	483	583	576
967	540	250	22
737	841	235	170
999	1000	143	106
559	574	54	28
197	222	275	74
287	407	141	106
749	250	683	657
164	109	137	106
361	547	886	286
643	125	978	330
794	793	117	102
200	303	504	268
514	203	559	548
53	673	141	106
346	227	855	851
250	540	108	102
188	299	716	11
717	756	369	196
591	606	514	343
423	125	87	81
489	460	326	123
195	371	830	50
661	241	725	458
739	756	126	106
608	585	496	206
249	227	479	45
541	235	381	378
870	873	566	548
706	760	11	5
797	81	271	179
425	416	659	656
397	387	944	800
381	406	508	272
966	540	994	99
780	326	26	23
720	49	500	206
339	353	153	109
242	205	202	170
430	419	682	657
249	206	780	523
897	606	943	799
949	953	169	11
441	432	786	414
814	624	798	125
958	957	35	24
571	550	340	185
204	319	818	620
725	451	184	22
909	355	934	21
38	81	492	456
372	267	351	186
536	240	463	36
447	481	351	186
308	303	54	28
605	587	291	170
246	499	914	867
942	833	565	548
417	428	418	172
965	963	808	490
357	243	518	125
151	154	55	28
805	50	212	170
843	20	261	178
251	270	845	20
432	439	7	1
421	417	308	180
845	892	146	106
102	585	461	36
395	393	951	948
154	152	306	22
811	828	495	228
809	623	355	125
45	51	313	180
957	219	396	381
352	292	776	713
329	223	64	62
975	889	960	540
192	220	85	80
766	492	236	170
383	410	600	578
775	53	211	170
957	960	943	799
6	323	986	833
396	391	42	25
332	224	951	948
147	972	755	258
685	656	641	15
451	869	356	170
699	51	332	22
762	53	554	548
405	391	839	18
104	141	938	935
484	492	630	21
971	191	508	272
887	288	683	657
931	747	632	50
600	576	216	170
395	396	142	106
256	337	843	19
999	1000	323	22
869	65	763	711
406	237	941	935
726	725	80	32
675	682	513	285
738	741	512	281
79	620	217	170
522	126	408	384
666	685	575	566
719	50	128	106
327	546	593	577
450	36	134	106
526	153	256	22
478	451	19	6
502	278	331	184
814	623	348	186
711	693	367	22
687	711	806	490
903	425	642	265
536	235	319	182
616	621	586	576
657	206	322	184
641	131	278	179
545	196	658	656
148	520	651	648
708	51	222	22
568	320	154	109
63	51	602	578
928	920	231	170
779	523	625	618
194	263	76	77
521	522	40	25
438	440	393	378
402	229	118	102
1000	997	239	170
998	99	230	22
345	257	699	686
484	720	351	186
908	377	448	36
890	96	853	851
417	415	271	179
509	281	391	378
406	390	47	25
375	170	215	170
669	256	57	28
905	248	504	268
296	231	214	22
690	712	550	548
808	627	440	415
113	131	509	273
938	937	792	789
832	61	44	25
296	330	465	450
758	752	476	74
663	684	378	379
443	210	568	548
111	326	805	490
692	51	554	548
1000	993	421	9
911	865	811	490
625	821	241	22
394	396	932	929
313	337	735	77
449	36	228	170
32	87	263	179
199	224	129	106
751	203	237	22
93	83	160	114
307	286	133	106
101	84	997	993
398	378	367	22
781	326	85	80
734	252	70	58
792	302	395	381
133	257	895	597
574	570	610	578
938	833	786	414
363	325	563	548
814	807	437	415
151	108	361	170
575	558	45	25
824	820	684	657
129	206	484	37
66	73	220	170
809	816	87	81
918	919	43	25
21	15	352	22
121	136	365	191
195	277	299	179
255	360	128	106
147	153	621	50
321	190	708	687
811	828	169	11
783	172	99	993
838	16	372	196
313	330	631	50
1000	993	453	36
663	659	903	426
736	76	251	22
56	67	155	109
621	811	850	49
628	824	491	49
384	247	888	286
619	629	643	265
422	916	677	320
347	9	462	36
1000	997	5	1
473	872	362	170
715	11	704	686
109	179	764	55
913	865	346	125
578	589	734	18
631	31	500	206
381	992	409	384
428	416	642	265
616	625	205	170
913	506	138	106
79	716	877	479
109	158	940	935
387	408	741	77
411	386	339	22
519	147	763	711
37	481	158	111
190	192	850	49
438	440	454	49
794	793	213	22
97	30	544	169
225	304	693	686
453	463	1	3
291	214	180	170
975	889	693	686
657	208	819	620
746	166	681	320
498	264	619	616
270	173	673	320
862	376	147	106
322	319	121	103
771	710	923	397
10	3	798	125
633	618	583	576
538	180	478	37
69	56	51	28
631	31	70	58
721	49	710	51
747	376	807	620
764	456	275	74
659	676	689	686
1004	978	318	170
788	792	443	224
543	351	901	605
345	524	508	272
900	613	772	55
67	30	41	25
471	274	234	22
689	710	456	36
238	365	549	548
659	661	623	50
677	213	284	179
600	901	832	50
774	698	746	61
991	872	830	50
846	21	276	179
368	222	468	450
814	454	636	16
627	31	558	548
992	1002	222	22
15	22	54	28
197	246	25	23
906	905	114	102
162	138	653	317
733	376	147	106
714	688	985	833
233	343	107	102
845	14	662	656
218	310	985	833
468	447	554	548
520	130	71	62
612	901	76	77
599	577	881	15
457	492	161	114
230	340	252	170
484	865	597	578
279	338	168	166
492	766	958	540
518	137	714	55
828	809	571	549
243	370	275	74
125	132	562	548
73	62	831	50
191	534	619	616
154	132	650	648
903	419	626	50
446	246	176	170
735	802	128	106
905	321	947	397
265	222	370	196
25	61	674	656
903	425	761	55
357	207	985	833
9	284	613	578
137	139	327	22
119	149	355	125
498	182	325	22
717	748	297	123
317	244	704	686
945	419	261	178
417	232	28	23
864	850	434	415
305	324	233	22
771	773	134	106
292	195	507	272
712	695	998	993
113	153	37	25
800	519	245	177
949	381	530	202
763	703	11	5
129	525	271	179
105	447	361	170
365	228	560	548
813	630	585	576
272	343	336	22
988	989	288	123
315	379	584	576
53	81	130	106
986	820	170	8
679	660	565	548
71	58	781	523
490	826	902	420
103	266	468	450
480	448	680	656
269	991	443	224
57	37	622	50
608	581	290	179
930	737	264	179
942	833	951	948
454	487	998	993
636	6	141	106
297	826	4	1
996	746	706	686
348	256	23	24
386	198	595	578
56	50	967	958
617	632	118	102
22	124	172	166
88	52	894	597
137	140	632	50
451	25	699	686
874	486	82	80
540	243	861	592
980	79	589	576
846	636	925	922
146	103	465	450
583	594	706	686
204	370	300	179
13	11	469	450
564	572	263	179
365	228	472	74
606	581	64	62
586	595	792	789
863	191	306	22
242	362	705	686
613	591	34	24
701	57	786	414
431	416	273	179
871	473	169	11
28	626	378	379
736	11	818	620
288	187	294	22
253	229	958	540
998	99	628	50
528	128	568	548
294	190	386	226
397	402	302	788
299	475	18	6
88	87	698	686
491	809	331	184
544	622	33	24
227	286	537	214
824	618	934	21
639	346	734	18
126	527	350	170
847	6	298	179
490	630	775	55
746	748	370	196
97	25	297	123
372	225	579	576
486	49	46	25
271	274	845	20
517	113	266	22
805	804	138	106
290	206	551	548
71	73	114	102
134	161	134	106
249	253	693	686
534	311	939	935
751	194	734	18
62	72	716	11
750	810	406	384
603	852	514	343
101	83	682	657
613	585	189	22
271	289	392	378
444	198	610	578
749	224	398	381
1	9	947	397
596	896	822	490
946	286	456	36
574	557	65	58
810	812	174	125
419	148	64	62
105	210	897	597
850	47	604	578
765	51	894	597
687	711	589	576
249	308	136	106
68	59	376	22
952	396	272	179
504	509	585	576
417	125	534	210
430	416	586	576
321	236	316	22
318	253	765	55
380	408	26	23
809	629	293	179
114	131	104	102
95	25	390	378
818	622	692	686
610	603	809	620
786	783	608	578
240	344	403	384
566	320	581	576
537	530	132	106
912	865	517	128
766	456	241	22
300	194	485	37
443	214	114	102
822	618	964	934
855	861	796	91
438	172	960	540
901	613	935	936
614	587	344	185
499	500	762	55
719	816	148	106
835	943	936	935
790	180	866	849
140	160	867	355
595	576	961	827
804	808	134	106
816	455	285	179
479	621	15	6
366	244	397	381
830	25	794	88
675	684	721	457
613	852	563	548
826	811	580	576
646	107	269	179
737	736	155	109
538	236	886	286
225	353	256	22
283	264	519	125
180	233	722	457
720	49	767	492
448	485	502	206
460	722	755	258
750	821	571	549
1004	978	583	576
317	309	729	167
71	58	892	840
594	585	523	780
561	571	233	22
425	125	200	170
296	272	631	50
794	793	205	170
750	809	678	656
26	45	77	76
293	489	407	384
253	311	81	32
858	861	127	106
140	102	702	686
438	433	390	378
694	55	775	55
662	682	71	62
414	166	348	186
181	355	356	170
777	55	759	55
456	816	135	106
56	765	411	389
239	531	827	630
601	731	324	22
828	143	364	191
796	98	671	320
670	683	920	921
328	341	42	25
907	198	345	185
630	25	114	102
709	712	288	123
28	68	562	548
149	341	673	320
161	124	693	686
788	180	812	490
621	40	81	32
816	50	840	16
161	125	51	28
95	86	711	55
239	284	399	381
249	269	949	396
220	362	635	16
371	208	192	176
410	228	840	16
63	52	953	948
532	190	807	620
144	156	644	123
928	921	305	180
771	761	361	170
73	62	258	178
772	30	396	381
689	708	176	170
89	88	221	22
932	933	774	711
733	622	33	24
447	467	99	993
512	253	36	25
882	644	469	450
485	45	69	58
840	19	953	948
756	740	636	16
46	61	281	170
55	776	338	22
96	43	360	170
9	254	369	196
991	872	338	22
961	630	678	656
425	171	843	19
596	861	682	657
382	238	784	414
667	683	208	170
119	129	272	179
441	432	901	605
385	392	895	597
975	889	327	22
443	186	153	109
434	436	921	920
565	557	774	711
869	873	254	170
458	478	45	25
999	993	476	74
458	25	379	237
316	375	453	36
129	355	891	521
621	32	568	548
888	189	28	23
410	360	148	106
477	65	954	544
124	326	124	103
386	408	673	320
719	454	750	258
716	169	706	686
416	430	437	415
453	45	491	49
458	25	262	178
131	242	658	656
260	213	607	544
713	686	115	102
198	5	45	25
688	764	519	125
294	269	259	178
609	587	798	125
199	657	689	686
317	208	809	620
932	743	455	36
862	256	233	22
342	353	498	203
461	447	24	23
144	516	33	24
566	571	830	50
680	682	619	616
363	316	499	206
379	314	319	182
675	320	607	544
127	105	667	656
533	205	250	22
668	667	827	630
414	415	286	179
643	639	439	415
938	833	596	578
111	161	263	179
236	190	359	189
324	367	415	432
478	876	736	77
445	228	373	196
911	355	158	111
510	190	739	717
793	794	347	186
954	737	271	179
553	575	490	37
611	585	571	549
407	379	853	851
494	282	133	106
714	686	300	179
774	777	198	22
143	516	554	548
544	230	923	397
835	800	332	22
889	97	770	711
731	954	568	548
242	281	693	686
21	817	938	935
388	188	644	123
610	581	796	91
420	903	845	20
496	508	504	268
482	879	888	286
329	200	595	578
271	345	351	186
732	982	733	168
24	98	550	548
946	286	448	36
11	77	38	25
97	83	831	50
179	363	574	550
518	117	105	102
266	133	346	125
545	217	815	620
193	220	382	226
102	125	719	457
252	486	411	389
816	718	714	55
299	182	236	170
344	191	229	170
984	655	565	548
743	932	473	74
617	623	344	185
301	249	196	9
645	201	13	5
188	270	312	170
246	504	822	490
164	143	814	490
213	344	773	55
462	489	666	656
395	380	268	179
72	972	113	102
958	957	667	656
268	216	152	109
257	513	688	686
517	143	161	114
47	36	95	32
726	725	223	170
820	621	174	125
581	595	836	799
901	613	204	22
347	313	512	281
272	264	613	578
707	712	393	378
894	578	707	686
564	575	48	25
855	861	751	258
620	733	881	15
448	49	611	578
925	920	828	631
142	140	244	170
682	662	172	166
41	91	437	415
977	891	296	22
676	320	239	170
77	981	137	106
683	677	791	302
605	544	141	106
622	655	223	170
65	869	257	9
835	800	236	170
575	559	595	578
793	794	968	958
823	629	952	948
275	316	484	37
64	72	495	228
829	25	563	548
446	357	161	114
582	613	534	210
144	159	210	22
598	731	724	457
211	371	302	788
46	42	855	851
294	351	883	354
153	155	675	656
264	216	497	203
882	326	365	191
489	460	294	22
418	420	571	549
794	91	666	656
177	197	336	22
704	713	329	22
793	32	233	22
953	951	139	106
977	91	853	851
241	204	864	849
389	247	361	170
815	618	180	170
1004	330	232	170
894	861	191	22
338	360	883	354
103	146	959	540
247	309	762	55
592	576	653	317
719	456	169	11
613	544	789	302
499	362	771	713
101	80	721	457
186	677	233	22
879	462	552	548
74	203	713	55
43	52	281	170
175	172	141	106
70	54	794	88
891	91	719	457
657	230	591	576
638	346	351	186
878	457	791	302
554	320	200	170
672	685	828	631
893	20	852	612
635	840	961	827
944	883	760	55
924	923	490	37
935	833	299	179
213	353	316	22
871	868	699	686
489	490	36	25
743	748	247	22
596	861	272	179
906	250	607	544
602	861	389	237
684	661	678	656
560	570	871	74
321	237	874	479
923	922	310	22
970	366	476	74
680	320	611	578
183	182	479	45
389	288	373	196
345	278	40	25
277	231	486	37
264	294	925	922
468	371	77	76
780	326	142	106
96	796	518	125
171	416	215	170
276	505	886	286
745	544	416	172
36	31	291	170
461	456	819	620
37	727	428	174
68	53	657	320
601	576	484	37
832	622	411	389
62	58	148	106
807	833	893	16
483	492	796	91
636	6	602	578
594	544	372	196
548	320	26	23
224	282	414	782
952	953	822	490
868	556	429	174
969	540	784	414
809	628	70	58
216	352	327	22
12	13	270	22
844	20	71	62
740	742	274	179
208	22	68	58
649	234	231	170
961	630	660	656
371	335	363	191
555	801	321	22
389	200	552	548
447	74	550	548
1	14	155	109
408	392	550	548
98	796	40	25
909	355	28	23
690	759	553	548
89	87	197	176
102	144	355	125
536	215	272	179
740	716	153	109
533	182	711	55
374	334	415	432
956	841	329	22
394	384	267	179
277	292	141	106
428	125	411	389
998	994	481	45
417	414	644	123
522	354	479	45
494	228	192	176
852	596	619	616
56	32	282	179
238	540	969	958
504	513	324	22
255	443	121	103
264	261	294	22
888	354	590	576
464	457	53	28
213	365	836	799
944	836	231	170
431	172	914	867
912	355	595	578
718	877	184	22
618	544	468	450
552	574	517	128
389	232	609	578
410	386	218	170
57	687	812	490
838	6	830	50
211	347	943	799
874	976	266	22
78	75	900	600
579	600	570	548
134	123	863	365
243	377	168	166
135	113	283	22
427	413	530	202
179	318	721	457
443	241	211	170
257	354	768	55
629	819	593	577
322	216	719	457
922	924	432	415
342	247	13	5
925	920	664	656
577	899	903	426
84	91	303	180
6	190	219	170
332	173	66	62
702	51	109	102
974	840	929	737
878	487	468	450
105	292	737	169
694	774	734	18
526	143	637	15
461	447	815	620
932	747	189	22
201	255	827	630
96	50	900	600
790	180	470	74
208	445	416	172
44	91	201	22
153	134	777	713
281	279	399	381
830	722	752	258
205	269	688	686
122	126	221	22
625	820	425	174
103	157	694	686
915	240	220	170
454	727	459	36
914	355	326	123
963	965	169	11
811	804	322	184
511	272	914	867
751	758	547	250
370	263	434	415
602	897	950	396
786	172	475	74
761	456	366	191
88	86	252	170
155	113	419	125
141	798	96	32
469	371	543	234
427	418	731	168
657	344	490	37
388	230	325	22
581	608	98	32
427	419	57	28
107	265	516	126
312	542	978	330
286	332	964	934
300	185	944	800
382	244	610	578
674	685	634	635
526	143	52	28
222	179	386	226
802	717	501	206
127	107	114	102
923	381	791	302
764	274	338	22
381	241	182	22
94	90	205	170
577	899	667	656
204	265	71	62
883	945	351	186
777	700	192	176
917	326	508	272
847	846	244	170
6	843	705	686
224	355	391	378
371	210	130	106
1000	993	443	224
475	463	31	23
329	318	724	457
975	889	386	226
12	7	88	32
913	355	642	265
810	805	357	8
628	808	320	170
920	927	760	55
164	114	269	179
97	31	807	620
348	201	710	51
502	180	973	21
85	81	414	782
917	422	670	656
654	316	920	921
781	779	816	478
529	310	516	126
651	317	66	62
917	257	234	22
551	572	138	106
100	86	185	22
477	65	959	540
689	705	288	123
597	901	492	456
26	95	383	378
9	261	141	106
757	735	663	656
603	900	170	8
415	171	878	479
817	811	229	170
25	52	760	55
309	319	632	50
301	182	203	22
714	57	694	686
395	397	369	196
679	684	817	490
957	219	825	621
951	396	17	6
184	210	282	179
951	396	40	25
135	151	186	170
651	652	629	50
10	1	249	177
459	447	66	62
374	226	70	58
793	794	244	170
568	574	671	320
834	836	857	851
678	667	898	597
943	354	618	616
245	232	20	6
847	6	815	620
664	320	155	109
542	241	338	22
379	206	146	106
726	36	185	22
657	234	677	320
232	181	283	22
460	816	550	548
989	990	642	265
7	20	419	125
846	847	496	206
761	776	857	851
65	472	754	258
697	767	474	74
181	350	39	25
551	572	618	616
57	68	49	25
106	121	242	22
544	50	321	22
362	312	222	22
674	683	124	103
967	540	137	106
7	11	690	686
674	678	596	578
295	353	859	851
308	871	845	20
120	127	43	25
876	722	804	620
532	351	788	302
743	746	998	993
373	238	461	36
478	880	293	179
27	51	710	51
290	494	845	20
108	143	494	263
184	373	324	22
600	896	113	102
678	660	273	179
999	1000	959	540
724	484	854	851
765	456	268	179
169	175	939	935
87	93	949	396
216	185	945	800
716	77	17	6
790	180	334	22
728	166	388	237
357	272	247	22
535	243	464	36
208	389	819	620
71	73	637	15
611	580	381	378
26	88	526	136
494	509	18	6
9	329	57	28
448	465	279	179
68	55	68	58
558	573	186	170
357	22	450	371
771	710	55	28
589	578	692	686
215	178	922	802
964	833	935	936
523	345	658	656
512	494	693	686
672	22	239	170
169	175	39	25
999	32	623	50
953	396	417	172
359	232	168	166
469	447	276	179
232	530	824	621
715	717	254	170
350	372	23	24
675	685	845	20
687	712	471	74
978	184	590	576
694	773	516	126
66	73	185	22
393	403	584	576
368	274	765	55
553	574	218	170
170	446	262	178
812	828	939	935
175	174	194	176
441	442	20	6
487	32	469	450
787	784	32	24
493	276	931	743
390	404	948	396
569	558	725	458
191	292	253	22
264	270	855	851
623	816	204	22
106	346	692	686
320	277	516	126
10	387	852	612
1	21	227	170
423	417	896	597
268	512	568	548
788	180	270	22
423	125	916	9
758	752	634	635
415	413	705	686
469	465	171	166
204	276	723	457
166	744	328	22
353	341	844	19
971	215	676	656
662	320	544	169
547	187	425	174
688	712	99	993
112	125	767	492
77	75	171	166
300	235	250	22
608	894	360	170
176	266	523	780
618	817	313	180
711	702	506	271
327	229	366	191
893	839	967	958
941	833	251	22
664	684	591	576
213	316	171	166
629	545	395	381
798	346	437	415
624	808	187	170
757	735	160	114
78	79	278	179
327	182	46	25
70	627	61	31
479	630	856	851
205	8	796	91
388	319	151	107
472	869	673	320
409	383	231	170
603	587	271	179
967	540	674	656
944	883	674	656
834	836	895	597
578	900	495	228
496	216	133	106
257	113	255	170
777	762	429	174
261	198	714	55
816	721	515	126
668	667	705	686
986	820	119	102
934	6	949	396
399	387	774	711
91	93	912	867
23	41	215	170
418	423	208	170
694	769	85	80
878	45	77	76
681	231	499	206
35	41	520	125
421	413	676	656
989	988	655	283
842	189	605	578
876	721	746	61
81	38	746	61
865	522	82	80
828	822	865	849
454	455	472	74
167	733	287	179
566	320	201	22
313	257	927	397
970	366	517	128
66	58	411	389
777	769	990	987
930	747	555	548
72	57	712	694
206	331	370	196
439	437	936	935
1004	978	367	22
143	113	558	548
565	572	7	1
381	403	337	184
96	24	299	179
354	342	440	415
450	45	659	656
135	189	19	6
496	243	213	22
522	129	263	179
257	193	592	577
496	326	561	548
104	159	516	126
895	861	689	686
814	818	186	170
852	601	709	687
132	124	54	28
186	301	135	106
927	399	304	180
382	189	123	22
194	218	241	22
225	520	641	15
923	922	59	30
391	397	816	478
673	194	263	179
282	225	36	25
36	29	574	550
711	708	212	170
652	651	479	45
989	990	348	186
928	921	284	179
100	86	368	195
56	70	762	55
87	88	124	103
854	861	380	378
887	196	3	1
360	221	359	189
813	626	431	174
695	714	407	384
632	829	290	179
641	282	479	45
656	682	747	169
357	326	398	381
842	51	108	102
823	630	456	36
631	733	147	106
954	235	383	378
809	630	618	616
417	429	30	23
729	219	595	578
792	788	160	114
591	613	936	935
356	245	710	51
228	332	328	22
139	104	113	102
31	37	911	867
204	374	947	397
982	544	669	320
610	897	189	22
148	228	670	656
496	9	306	22
219	333	659	656
53	760	466	450
924	923	186	170
801	564	934	21
814	629	459	36
106	265	816	478
613	586	501	206
768	706	523	780
805	618	874	479
536	240	336	22
97	26	107	102
502	215	85	80
244	187	290	179
80	54	598	578
492	488	671	320
359	228	292	123
968	966	699	686
774	773	799	125
398	388	290	179
625	808	721	457
640	346	335	184
213	200	562	548
624	816	178	176
425	416	77	76
992	1003	754	258
7	14	329	22
881	6	313	180
810	50	196	9
279	336	226	170
105	127	965	961
221	307	420	174
954	19	167	166
425	903	554	548
691	714	451	36
370	363	308	180
278	511	711	55
77	78	790	302
110	141	392	378
909	355	376	22
478	491	959	540
899	578	672	656
330	288	913	867
496	286	246	123
380	411	654	317
903	425	221	22
396	395	676	656
773	53	524	96
106	163	713	55
391	241	870	74
692	714	626	50
374	218	941	935
5	716	443	224
279	123	247	22
896	611	235	170
827	620	79	76
568	574	775	55
912	355	466	450
993	1000	638	15
441	442	924	920
779	523	607	544
546	235	30	23
72	53	440	415
377	209	611	578
272	230	877	479
622	43	994	99
265	216	347	186
102	120	247	22
54	88	774	711
600	581	712	694
684	674	782	414
189	371	822	490
653	374	509	273
908	377	322	184
111	639	638	15
161	517	379	237
193	210	183	176
880	457	689	686
895	598	653	317
474	456	147	106
193	264	688	686
922	921	429	174
392	403	339	22
204	203	360	170
571	572	146	106
249	339	662	656
506	267	406	384
47	32	21	6
956	235	139	106
574	555	512	281
677	355	312	170
433	439	684	657
304	532	285	179
861	610	186	170
148	127	127	106
245	336	634	635
498	194	459	36
61	43	651	648
476	190	265	15
599	585	349	170
748	815	51	28
179	98	227	170
620	827	252	170
378	394	157	109
527	162	931	743
325	215	754	258
557	572	241	22
12	13	153	109
92	94	395	381
799	885	571	549
791	180	788	302
844	842	116	102
637	352	370	196
77	740	876	479
868	275	828	631
844	14	43	25
740	11	796	91
667	659	446	229
770	700	44	25
190	119	658	656
971	191	370	196
309	502	476	74
885	185	411	389
88	43	304	180
210	669	259	178
870	65	649	242
197	181	707	686
744	746	747	169
721	45	721	457
363	529	577	576
427	166	302	788
30	759	298	179
818	621	631	50
128	104	399	381
892	838	416	172
549	573	812	490
747	717	704	686
15	266	202	170
208	324	22	6
1002	992	204	22
317	33	717	11
606	899	877	479
188	313	222	22
800	113	289	179
731	748	77	76
157	639	85	80
688	774	965	961
731	578	542	22
282	244	318	170
689	714	214	22
761	30	601	578
991	988	350	170
663	320	468	450
994	997	118	102
733	323	237	22
689	714	494	263
371	654	125	103
685	675	966	958
272	196	503	264
479	626	293	179
111	355	595	578
210	321	740	717
265	299	508	272
778	714	437	415
988	991	813	490
429	125	68	58
161	154	69	58
86	100	393	378
635	20	135	106
350	298	611	578
46	626	340	185
315	230	381	378
943	644	927	397
353	502	991	987
563	801	66	62
917	421	774	711
65	869	654	317
282	181	363	191
177	356	201	22
524	185	462	36
432	438	866	849
94	92	589	576
367	170	460	36
260	258	420	174
774	688	219	170
110	128	167	166
712	701	277	179
244	299	871	74
709	711	947	397
732	630	142	106
370	187	699	686
403	379	893	16
925	802	973	21
871	477	194	176
528	106	41	25
172	142	811	490
51	23	804	620
375	177	737	169
464	451	992	398
393	402	910	867
726	36	493	263
265	256	476	74
832	485	876	479
425	166	582	576
872	988	839	18
795	81	361	170
412	384	696	686
392	241	443	224
492	484	695	686
151	106	840	16
240	332	131	106
400	399	709	687
412	312	724	457
989	990	492	456
358	213	574	550
595	579	236	170
257	522	339	22
804	625	819	620
798	106	109	102
89	87	349	170
12	6	412	308
6	367	192	176
426	416	513	285
20	843	546	22
881	265	407	384
367	324	739	717
327	544	437	415
249	266	876	479
878	460	567	548
472	873	159	111
70	33	547	250
745	11	71	62
838	14	426	174
122	162	348	186
2	3	629	50
98	95	168	166
734	732	292	123
484	865	605	578
64	72	408	384
299	217	84	80
173	345	212	170
339	219	35	24
33	70	938	935
495	250	641	15
994	998	329	22
988	991	191	22
239	545	409	384
389	406	168	166
278	214	530	202
904	395	421	9
811	624	334	22
698	714	462	36
138	152	824	621
744	743	501	206
390	237	686	687
94	88	666	656
447	979	209	22
26	41	599	578
973	6	367	22
197	665	457	36
527	144	218	170
439	437	897	597
973	840	131	106
213	499	718	457
446	178	751	258
689	712	818	620
198	181	217	170
238	542	542	22
813	37	388	237
635	934	270	22
459	462	393	378
452	454	136	106
508	251	470	74
580	595	197	176
705	713	435	415
963	964	613	578
678	659	223	170
540	312	143	106
545	657	256	22
565	572	543	234
464	447	700	686
774	492	61	31
694	766	916	9
342	270	462	36
624	810	385	378
867	346	686	687
513	268	237	22
707	711	685	667
968	960	30	23
372	235	859	851
334	352	323	22
356	288	895	597
917	170	409	384
199	218	868	74
464	451	610	578
546	316	602	578
991	988	463	36
806	630	133	106
963	965	768	55
992	475	709	687
4	20	820	620
669	210	846	16
262	261	42	25
939	820	735	77
69	30	784	414
582	604	38	25
540	229	393	378
68	28	450	371
18	19	544	169
835	943	339	22
345	200	321	22
187	379	568	548
998	994	594	577
662	190	961	827
666	344	822	490
55	201	167	166
108	600	135	106
90	82	732	168
775	706	151	107
222	384	926	922
841	844	331	184
735	742	195	22
587	596	464	36
210	270	927	397
761	58	427	174
19	355	482	37
170	348	590	576
174	175	739	717
618	811	688	686
70	56	842	16
26	88	324	22
811	626	772	55
376	217	484	37
427	166	719	457
440	439	636	16
214	530	813	490
960	220	276	179
772	47	191	22
826	620	141	106
336	251	759	55
723	456	459	36
61	46	414	782
373	283	152	109
640	352	846	16
501	251	469	450
500	362	114	102
618	806	348	186
811	113	475	74
20	842	99	993
253	245	8	3
570	566	945	800
531	173	228	170
990	988	618	616
119	134	778	713
142	346	703	686
651	242	648	242
828	621	676	656
909	355	481	45
276	314	935	936
522	346	71	62
215	299	868	74
772	777	642	265
861	576	879	479
789	214	76	77
937	940	99	993
629	810	574	550
52	27	209	22
460	490	373	196
340	256	575	566
268	270	420	174
918	729	317	22
900	610	659	656
982	729	45	25
955	841	978	330
385	405	257	9
8	252	524	96
185	8	853	851
962	630	1	3
769	23	464	36
949	953	557	548
473	455	233	22
884	326	702	686
645	179	107	102
495	239	721	457
548	572	120	103
330	177	825	621
894	594	898	597
463	462	840	16
400	384	642	265
241	357	700	686
16	5	517	128
521	149	621	50
663	659	148	106
31	54	643	265
406	404	225	170
204	252	653	317
687	51	685	667
570	320	912	867
321	307	468	450
162	526	271	179
305	502	949	396
135	163	270	22
591	607	104	102
137	120	593	577
98	80	618	616
522	185	501	206
791	180	898	597
774	714	491	49
222	358	597	578
745	544	577	576
563	574	84	80
891	97	260	178
434	436	853	851
28	42	552	548
268	475	150	106
691	711	759	55
820	934	39	25
309	230	361	170
645	246	198	22
99	83	792	789
20	22	577	576
689	708	958	540
438	172	242	22
406	392	805	490
328	243	187	170
272	337	68	58
146	143	868	74
354	225	572	549
925	920	3	1
85	91	754	258
932	933	592	577
975	889	81	32
918	919	663	656
860	861	350	170
628	733	26	23
572	573	664	656
348	190	651	648
106	527	207	170
509	494	772	55
686	711	860	851
382	412	452	447
140	157	855	851
828	618	876	479
63	30	43	25
151	132	96	32
367	208	83	32
681	241	559	548
365	296	139	106
459	461	594	577
766	710	429	174
858	612	699	686
672	682	174	125
460	291	74	65
323	201	778	713
373	364	516	126
750	224	930	743
857	861	484	37
860	612	226	170
356	296	811	490
601	898	117	102
767	765	322	184
762	51	599	578
585	604	71	62
795	91	283	22
538	216	278	179
78	79	641	15
654	187	852	612
966	968	673	320
56	710	518	125
632	830	38	25
106	257	697	686
950	381	685	667
925	920	103	102
833	821	24	23
163	160	446	229
106	210	37	25
820	628	624	50
499	224	408	384
759	492	433	432
670	683	662	656
941	928	217	170
25	487	474	74
594	576	954	544
194	180	704	686
950	397	331	184
39	307	388	237
708	759	482	37
735	897	349	170
151	117	9	3
31	53	330	184
634	16	403	384
700	53	722	457
956	737	579	576
368	291	610	578
824	748	544	169
134	185	735	77
416	421	771	713
599	589	992	398
222	247	69	58
719	727	438	415
982	168	372	196
114	174	576	577
156	138	297	123
619	625	652	648
724	875	361	170
922	972	376	22
616	632	55	28
286	257	305	180
483	32	840	16
552	574	317	22
963	827	755	258
119	517	886	286
232	308	491	49
165	169	507	272
744	745	925	922
109	646	115	102
655	314	557	548
185	354	900	600
856	852	458	36
703	763	750	258
668	680	166	167
95	96	987	990
677	247	484	37
362	352	973	21
890	96	360	170
596	168	773	55
66	73	639	125
711	456	122	103
497	242	954	544
595	731	813	490
167	169	138	106
494	821	227	170
888	196	724	457
454	811	527	135
861	859	74	65
265	646	759	55
671	514	465	450
252	297	651	648
548	575	189	22
209	261	729	167
220	446	265	15
5	717	681	320
506	269	724	457
333	298	413	171
777	765	696	686
350	310	599	578
472	36	241	22
23	45	228	170
423	9	91	32
456	850	508	272
517	146	814	490
933	929	157	109
888	295	457	36
831	48	917	9
313	179	113	102
72	74	548	549
927	381	657	320
989	872	209	22
945	125	185	22
271	247	334	22
499	229	391	378
123	230	841	19
177	125	181	176
93	90	397	381
432	440	951	948
430	418	691	686
914	355	423	174
885	341	668	656
295	364	188	170
963	965	359	189
818	623	782	414
755	820	938	935
554	569	605	578
780	326	969	958
806	821	828	631
983	729	17	6
652	242	845	20
456	768	62	63
955	841	684	657
716	739	124	103
746	31	821	490
37	53	840	16
675	682	230	22
668	659	692	686
102	157	257	9
157	149	895	597
781	779	183	176
150	124	318	170
917	196	542	22
155	265	148	106
819	618	465	450
724	454	440	415
237	183	167	166
857	612	648	242
644	518	87	81
589	593	780	523
254	222	360	170
989	991	262	178
634	16	439	415
42	46	876	479
662	320	184	22
255	318	605	578
162	123	710	51
256	195	844	19
110	140	650	648
543	257	721	457
142	151	709	687
23	42	549	548
46	45	233	22
938	833	602	578
315	350	63	58
383	404	577	576
992	1003	824	621
7	4	324	22
826	811	677	320
414	166	177	170
432	442	735	77
95	80	223	170
233	298	509	273
67	53	57	28
1001	245	225	170
241	261	86	80
627	43	267	179
450	454	8	3
197	226	718	457
47	33	778	713
742	716	794	88
688	764	291	170
326	247	868	74
743	746	293	179
330	179	152	109
312	545	862	363
491	618	452	447
488	50	612	578
867	341	229	170
968	540	286	179
553	575	849	49
323	210	851	852
619	630	557	548
183	353	267	179
959	729	695	686
928	921	23	24
873	451	987	990
159	152	711	55
887	288	991	987
974	840	231	170
488	878	495	228
464	457	590	576
54	34	327	22
905	317	98	32
548	320	516	126
11	746	272	179
646	246	54	28
612	591	189	22
924	922	369	196
937	940	697	686
360	351	168	166
812	628	869	74
779	781	481	45
377	360	145	106
565	557	112	102
762	53	943	799
924	923	768	55
908	377	48	25
561	573	310	22
438	172	816	478
640	190	609	578
717	929	160	114
732	737	583	576
320	570	299	179
313	227	916	9
657	254	360	170
112	190	582	576
614	589	584	576
568	571	836	799
860	612	279	179
249	257	243	170
958	219	888	286
948	397	741	77
683	673	678	656
278	170	637	15
89	91	128	106
27	57	507	272
775	697	492	456
444	352	159	111
934	169	978	330
358	343	650	648
134	140	142	106
997	994	468	450
453	725	112	102
125	261	509	273
133	346	405	384
669	344	13	5
947	396	151	107
366	185	713	55
912	355	688	686
256	242	521	91
817	808	791	302
49	29	501	206
29	35	427	174
371	777	326	123
541	190	302	788
729	957	613	578
571	556	189	22
758	258	438	415
146	145	593	577
585	603	901	605
758	183	357	8
173	498	408	384
82	92	829	50
477	870	810	620
477	869	576	577
472	455	6	1
35	52	732	168
346	209	558	548
535	187	453	36
924	922	606	578
107	519	179	22
717	756	8	3
807	50	227	170
197	238	168	166
636	893	355	125
527	114	396	381
294	265	125	103
517	157	43	25
991	872	383	378
570	571	261	178
501	362	243	170
434	172	44	25
772	492	3	1
962	630	671	320
542	249	808	490
640	326	439	415
14	843	193	176
824	544	425	174
95	89	791	302
748	373	112	102
303	270	36	25
265	495	168	166
444	266	317	22
607	732	833	820
85	95	559	548
46	624	862	363
661	190	392	378
10	6	414	782
985	820	624	50
6	637	986	833
486	874	383	378
904	381	23	24
381	947	283	22
330	338	169	11
301	307	743	169
165	169	817	490
368	356	305	180
42	33	397	381
291	176	479	45
117	160	544	169
724	455	964	934
873	871	370	196
24	51	944	800
350	352	518	125
609	587	958	540
69	56	851	852
323	345	860	851
447	455	869	74
82	87	279	179
992	476	865	849
964	21	571	549
236	308	264	179
189	290	625	618
445	314	821	490
790	180	597	578
555	320	931	743
952	381	349	170
447	454	638	15
172	429	83	32
668	685	746	61
51	692	324	22
924	922	372	196
184	978	248	22
919	918	76	77
985	939	296	22
795	91	940	935
480	25	927	397
877	722	930	743
723	816	138	106
622	479	703	686
60	38	653	317
977	524	33	24
183	224	634	635
214	325	150	106
845	6	711	55
512	333	72	58
940	937	261	178
734	4	594	577
612	581	648	242
284	495	639	125
353	545	35	24
585	614	654	317
755	178	413	171
809	804	424	9
549	562	636	16
303	264	420	174
946	886	316	22
69	59	445	231
192	215	608	578
11	746	954	544
962	630	203	22
219	309	584	576
688	768	621	50
629	813	278	179
811	49	923	397
187	166	310	22
120	107	407	384
162	122	652	648
515	571	14	6
457	874	470	74
41	830	48	25
608	168	935	936
81	44	532	205
459	817	473	74
130	124	353	170
833	810	91	32
574	571	692	686
929	733	428	174
716	737	862	363
740	739	856	851
530	200	260	178
576	614	5	1
305	381	458	36
556	320	299	179
590	599	807	620
950	381	935	936
350	331	315	180
607	956	130	106
672	685	77	76
14	843	634	635
841	6	690	686
273	186	931	743
847	122	833	820
299	297	804	620
586	594	325	22
10	1	300	179
772	700	735	77
680	682	121	103
690	711	913	867
277	356	371	196
479	620	452	447
934	820	378	379
985	820	941	935
138	113	225	170
248	223	166	167
178	184	644	123
187	268	479	45
995	354	316	22
415	419	5	1
897	609	707	686
980	79	738	77
382	200	317	22
59	50	824	621
11	715	861	592
241	387	323	22
322	206	687	686
892	838	176	170
846	847	998	993
538	240	921	920
720	49	547	250
833	21	438	415
27	47	382	226
957	729	812	490
600	731	391	378
462	878	225	170
664	685	223	170
534	188	671	320
786	172	707	686
799	265	166	167
918	729	348	186
799	229	312	170
368	217	513	285
703	766	125	103
48	30	554	548
43	479	498	203
17	22	189	22
842	846	578	576
654	307	969	958
675	680	317	22
550	320	514	343
960	729	464	36
128	515	133	106
78	75	693	686
516	137	607	544
155	153	966	958
116	527	223	170
478	850	815	620
715	11	566	548
880	879	426	174
418	499	147	106
446	320	656	657
485	880	789	302
363	249	159	111
508	263	481	45
338	222	430	174
920	925	307	9
973	355	372	196
299	224	248	22
761	53	752	258
512	505	462	36
814	625	408	384
596	544	29	23
496	299	619	616
209	291	141	106
6	13	636	16
912	865	893	16
816	485	385	378
920	925	196	9
743	932	878	479
884	341	763	711
733	654	700	686
125	69	244	170
397	920	860	851
11	745	808	490
536	229	431	174
549	575	58	28
537	991	88	32
636	840	52	28
8	214	549	548
911	865	145	106
227	359	268	179
905	196	888	286
726	725	610	578
794	81	699	686
359	235	916	9
901	861	608	578
656	685	716	11
69	52	675	656
385	397	857	851
88	40	327	22
450	369	232	170
309	374	300	179
404	390	948	396
353	137	116	102
693	712	97	32
904	397	599	578
472	36	784	414
639	191	934	21
773	53	819	620
250	291	84	80
684	668	542	22
958	957	466	450
232	193	752	258
338	862	412	308
765	696	435	415
973	636	148	106
856	852	820	620
276	184	392	378
731	954	605	578
775	492	759	55
193	205	155	109
160	527	4	1
542	232	386	226
642	326	498	203
920	928	285	179
477	869	617	616
715	717	18	6
647	235	235	170
877	720	731	168
715	717	389	237
402	388	323	22
846	842	225	170
657	224	47	25
497	186	517	128
671	186	534	210
540	731	785	414
211	531	678	656
583	611	761	55
421	417	263	179
664	684	941	935
73	71	774	711
454	452	429	174
856	852	47	25
764	699	585	576
737	716	690	686
956	731	478	37
245	232	298	179
338	655	616	617
900	587	680	656
468	371	922	802
431	903	319	182
403	393	472	74
528	141	987	990
583	607	773	55
503	499	39	25
42	40	16	6
964	827	458	36
874	478	217	170
991	989	342	185
640	185	300	179
730	729	355	125
587	899	537	214
100	80	431	174
947	399	6	1
275	329	609	578
442	432	380	378
604	583	409	384
808	626	604	578
372	304	113	102
493	185	721	457
310	331	520	125
557	572	740	717
658	684	341	22
198	278	866	849
444	187	315	180
347	369	128	106
613	731	817	490
263	507	456	36
687	759	481	45
650	317	446	229
102	143	695	686
636	394	850	49
129	114	150	106
57	26	802	739
610	899	37	25
227	344	194	176
61	38	616	617
522	341	297	123
966	540	866	849
876	486	585	576
871	870	466	450
708	686	716	11
659	674	223	170
427	166	127	106
761	28	468	450
229	546	135	106
862	209	108	102
872	275	547	250
9	241	958	540
611	894	364	191
93	82	552	548
655	956	960	540
545	312	772	55
311	257	208	170
778	775	968	958
589	578	264	179
664	685	810	620
883	123	627	50
578	582	169	11
391	396	170	8
485	455	49	25
999	993	782	414
657	632	716	11
562	230	504	268
160	127	19	6
378	226	148	106
997	994	451	36
137	125	244	170
708	994	711	55
997	994	24	23
846	635	109	102
968	540	216	170
214	414	194	176
791	180	51	28
542	325	512	281
902	174	930	743
160	109	103	102
331	905	266	22
887	242	267	179
142	644	961	827
595	898	761	55
274	232	613	578
752	193	850	49
412	386	506	271
165	171	942	935
373	321	621	50
704	57	628	50
18	892	843	19
221	533	802	739
981	77	593	577
46	53	856	851
252	233	916	9
517	113	406	384
472	725	922	802
39	831	117	102
416	413	894	597
571	566	827	630
985	820	493	263
840	973	355	125
929	733	620	50
215	377	388	237
934	635	407	384
238	368	335	184
527	153	388	237
540	196	725	458
530	223	199	176
324	220	648	242
361	328	354	125
105	132	461	36
256	267	399	381
732	820	118	102
76	741	346	125
235	499	926	922
592	582	421	9
573	561	335	184
417	429	432	415
958	729	461	36
873	471	87	81
842	189	451	36
920	926	675	656
310	364	475	74
94	89	185	22
521	266	869	74
311	542	472	74
785	787	497	203
754	203	298	179
760	30	509	273
54	37	570	548
788	180	229	170
401	404	178	176
937	938	264	179
86	82	709	687
479	41	433	432
697	760	592	577
792	788	878	479
415	414	433	432
536	244	809	620
841	747	440	415
535	256	460	36
528	143	70	58
993	999	521	91
149	103	446	229
222	354	55	28
804	827	608	578
824	804	15	6
383	403	813	490
769	694	117	102
126	143	472	74
643	185	228	170
818	490	630	21
437	439	600	578
871	873	902	420
587	602	858	851
798	157	871	74
968	966	985	833
33	91	367	22
366	247	732	168
470	872	396	381
104	149	813	490
60	30	298	179
387	399	802	739
804	821	717	11
864	867	790	302
86	94	94	81
890	96	949	396
702	713	376	22
589	613	463	36
835	800	479	45
157	517	121	103
131	123	332	22
701	713	288	123
320	648	287	179
168	747	851	852
526	132	552	548
877	722	466	450
620	37	800	125
214	358	969	958
499	203	299	179
413	431	554	548
605	898	3	1
639	643	555	548
55	262	821	490
688	770	729	167
351	327	622	50
163	103	197	176
829	632	663	656
617	624	330	184
284	252	934	21
12	6	419	125
698	714	259	178
589	599	809	620
510	280	205	170
647	170	930	743
332	367	606	578
362	514	222	22
964	833	926	922
757	735	34	24
545	236	448	36
219	496	590	576
980	79	309	170
67	55	8	3
247	285	516	126
935	833	288	123
804	491	369	196
432	172	664	656
970	366	139	106
1001	245	384	237
212	201	942	935
757	735	639	125
286	495	16	6
107	118	684	657
10	1	434	415
569	575	650	648
535	374	594	577
899	603	143	106
506	273	595	578
171	420	776	713
157	126	526	136
674	660	612	578
369	188	353	170
740	737	209	22
768	769	115	102
162	354	684	657
309	173	648	242
157	644	363	191
728	730	632	50
110	108	341	22
939	985	102	103
970	366	526	136
393	226	870	74
68	57	764	55
941	833	546	22
321	256	547	250
613	590	571	549
764	706	865	849
356	368	460	36
726	725	293	179
77	78	296	22
62	72	781	523
116	520	679	656
14	16	375	196
329	238	639	125
865	911	391	378
357	916	833	820
57	72	299	179
804	825	681	320
919	729	471	74
161	157	849	49
577	605	998	993
277	242	22	6
259	820	636	16
356	237	251	22
662	320	121	103
350	899	751	258
724	456	68	58
797	81	679	656
725	451	719	457
160	134	748	169
741	802	493	263
298	312	817	490
899	595	532	205
622	831	64	62
872	990	159	111
858	861	54	28
306	546	642	265
660	674	943	799
210	331	668	656
124	149	774	711
116	520	752	258
680	937	343	185
320	202	767	492
426	9	315	180
803	262	465	450
423	416	475	74
238	343	52	28
490	621	934	21
770	778	481	45
778	770	827	630
811	817	143	106
117	639	49	25
238	669	673	320
733	620	270	22
634	16	447	36
631	829	128	106
104	153	148	106
781	326	900	600
833	630	269	179
563	575	353	170
468	449	252	170
356	231	839	18
91	85	827	630
520	107	37	25
559	320	709	687
694	759	5	1
499	213	548	549
317	205	608	578
941	833	724	457
493	285	469	450
128	526	294	22
687	53	743	169
27	54	836	799
250	331	375	196
649	314	515	126
759	778	930	743
406	379	960	540
805	804	874	479
754	820	532	205
340	9	876	479
673	344	895	597
756	717	498	203
783	172	220	170
665	355	792	789
236	247	602	578
917	357	497	203
635	973	479	45
698	57	686	687
956	732	74	65
616	624	50	25
718	876	973	21
557	575	144	106
225	335	24	23
936	833	291	170
763	694	494	263
619	628	278	179
21	623	721	457
302	580	652	648
29	48	182	22
6	595	765	55
97	95	698	686
813	478	16	6
779	523	640	265
991	989	50	25
699	712	144	106
645	644	179	22
678	684	943	799
470	873	390	378
111	22	720	457
627	812	438	415
507	273	260	178
425	903	265	15
599	582	380	378
672	320	707	686
353	315	296	22
357	293	948	396
429	413	923	397
114	126	152	109
394	396	345	185
243	821	340	185
232	283	357	8
476	185	3	1
504	513	418	172
414	417	440	415
167	172	521	91
15	17	408	384
843	14	460	36
790	180	15	6
71	806	462	36
757	735	500	206
38	99	414	782
618	748	168	166
324	239	415	432
65	471	513	285
651	317	163	114
534	251	294	22
907	198	499	206
12	6	45	25
148	517	292	123
125	235	893	16
950	397	653	317
702	711	792	789
92	91	863	365
582	614	513	285
8	223	131	106
613	585	991	987
787	782	540	219
52	98	678	656
266	361	329	22
809	622	766	55
297	358	783	414
446	218	429	174
971	191	519	125
108	137	435	415
703	765	244	170
50	811	812	490
680	660	343	185
92	80	214	22
956	655	174	125
262	203	231	170
110	144	45	25
606	894	481	45
141	155	716	11
987	476	37	25
753	178	993	99
891	91	185	22
567	265	183	176
812	828	830	50
945	419	347	186
28	773	41	25
529	305	729	167
203	298	184	22
685	662	34	24
463	453	874	479
736	716	418	172
971	191	135	106
41	34	782	414
575	561	719	457
754	199	288	123
179	233	961	827
868	65	818	620
188	361	917	9
178	229	921	920
525	145	19	6
277	304	807	620
717	929	900	600
946	286	55	28
501	499	412	308
481	202	554	548
108	119	222	22
518	103	492	456
440	432	901	605
324	195	295	179
545	529	555	548
806	820	562	548
505	251	81	32
300	343	788	302
745	11	152	109
998	994	329	22
977	891	939	935
842	20	52	28
317	252	773	55
865	912	171	166
61	743	318	170
89	92	233	22
210	544	49	25
674	659	170	8
312	544	376	22
787	782	853	851
473	869	716	11
269	248	70	58
260	261	713	55
313	279	331	184
981	76	626	50
788	180	818	620
555	320	24	23
719	876	524	96
521	139	577	576
975	889	701	686
1003	74	554	548
17	14	534	210
832	39	216	170
262	192	741	77
244	336	964	934
85	86	335	184
531	209	194	176
383	401	762	55
778	773	118	102
119	132	802	739
862	376	247	22
638	125	965	961
786	787	36	25
834	836	96	32
156	139	481	45
901	578	552	548
154	123	447	36
443	206	433	432
580	606	699	686
822	807	876	479
398	871	292	123
815	623	750	258
409	379	134	106
871	869	361	170
697	55	429	174
241	671	497	203
454	811	136	106
481	255	590	576
523	266	173	166
883	286	115	102
599	588	824	621
881	6	491	49
334	372	577	576
82	90	666	656
445	242	464	36
2	5	203	22
761	51	769	711
624	40	39	25
180	203	119	102
437	172	212	170
507	292	209	22
278	368	475	74
390	399	662	656
255	338	746	61
783	787	466	450
79	741	867	355
435	436	871	74
441	432	86	80
495	223	735	77
268	232	371	196
273	266	193	176
646	111	713	55
820	822	671	320
978	184	344	185
174	136	375	196
16	847	551	548
786	172	771	713
641	355	611	578
746	11	903	426
198	298	153	109
634	21	384	237
242	355	71	62
948	381	503	264
587	861	871	74
422	171	958	540
691	712	313	180
419	146	14	6
655	332	759	55
85	86	861	592
918	919	103	102
404	391	322	184
265	216	524	96
659	679	659	656
703	764	706	686
828	622	200	170
763	697	927	397
723	45	238	170
651	325	231	170
841	732	218	170
972	922	864	849
365	186	509	273
351	257	526	136
44	99	909	867
322	337	721	457
969	540	631	50
430	125	472	74
14	7	303	180
802	925	315	180
2	3	160	114
920	397	58	28
376	230	363	191
657	170	864	849
868	871	507	272
259	176	26	23
804	827	909	867
594	588	696	686
153	155	369	196
205	353	52	28
599	897	828	631
495	206	895	597
469	452	254	170
869	472	537	214
285	312	827	630
718	490	77	76
858	612	506	271
363	253	227	170
675	680	181	176
537	235	585	576
262	753	827	630
724	484	264	179
308	288	482	37
496	350	737	169
286	311	5	1
991	988	280	179
928	920	195	22
122	519	236	170
279	288	573	550
926	802	707	686
642	185	370	196
841	843	273	179
539	202	452	447
223	291	950	396
57	27	199	176
801	564	296	22
789	180	558	548
714	712	881	15
229	211	582	576
956	737	300	179
485	490	451	36
734	167	893	16
567	239	587	576
700	769	943	799
667	683	108	102
704	712	47	25
224	345	689	686
231	8	664	656
30	95	793	88
729	982	571	549
359	243	938	935
19	16	385	378
894	578	574	550
76	717	601	578
731	610	176	170
679	660	458	36
230	255	102	103
488	492	912	867
700	762	886	286
59	55	110	102
742	11	774	711
328	246	765	55
487	816	702	686
470	455	65	58
45	24	290	179
9	173	64	62
734	6	51	28
520	189	176	170
604	895	677	320
305	179	167	166
934	985	428	174
522	266	794	88
770	762	913	867
727	36	220	170
243	343	187	170
89	83	236	170
567	185	81	32
639	106	52	28
320	225	951	948
147	162	704	686
332	173	388	237
438	437	407	384
408	380	759	55
545	246	542	22
111	346	196	9
809	630	731	168
890	96	857	851
184	371	387	378
80	40	336	22
930	169	188	170
639	644	499	206
782	787	622	50
614	577	437	415
428	416	51	28
223	292	190	22
165	171	682	657
701	714	659	656
852	587	279	179
858	861	773	55
603	861	738	77
470	872	216	170
514	362	59	30
322	226	253	22
432	440	420	174
347	256	714	55
883	266	314	22
753	193	396	381
173	326	594	577
60	27	685	667
783	172	132	106
3	170	41	25
246	446	574	550
268	270	961	827
259	201	544	169
853	612	902	420
402	391	131	106
875	879	784	414
290	343	150	106
665	239	131	106
305	363	37	25
353	665	551	548
150	102	911	867
483	490	912	867
707	711	320	170
448	488	870	74
949	953	945	800
519	354	717	11
218	267	816	478
446	214	111	102
495	352	795	88
955	544	142	106
939	934	484	37
49	723	591	576
675	684	932	929
861	601	550	548
846	18	550	548
395	390	279	179
256	341	941	935
504	513	530	202
394	390	169	11
167	172	183	176
295	189	735	77
937	833	544	169
554	569	877	479
111	516	94	81
266	224	121	103
899	597	281	170
188	8	358	170
251	499	426	174
414	419	327	22
480	32	234	22
814	866	642	265
147	419	705	686
26	48	107	102
668	320	738	77
434	172	544	169
319	227	695	686
840	973	881	15
45	488	388	237
653	221	876	479
547	256	772	55
199	251	504	268
397	386	410	308
974	16	581	576
322	198	683	657
341	521	201	22
608	579	656	657
925	739	734	18
1004	978	72	58
658	682	940	935
574	568	658	656
658	659	575	566
394	378	732	168
810	804	236	170
116	136	565	548
389	404	141	106
557	574	74	65
284	211	513	285
853	861	515	126
384	246	346	125
388	191	463	36
45	99	821	490
1	12	80	32
71	73	200	170
376	337	488	37
952	953	268	179
802	925	223	170
374	241	760	55
323	239	31	23
820	629	800	125
753	752	177	170
406	378	914	867
347	220	949	396
285	429	793	88
463	453	877	479
419	162	125	103
634	16	842	16
880	479	98	32
68	52	45	25
77	716	435	415
512	556	909	867
251	318	543	234
288	125	760	55
98	99	871	74
360	242	572	549
68	51	522	9
307	236	20	6
669	218	132	106
607	852	152	109
582	600	854	851
276	230	98	32
174	124	903	426
671	241	683	657
758	754	443	224
88	97	306	22
415	174	407	384
217	800	310	22
587	614	716	11
395	380	272	179
648	295	599	578
323	188	707	686
145	520	307	9
352	189	348	186
760	492	264	179
305	297	487	37
955	841	380	378
612	897	491	49
213	332	574	550
11	715	969	958
301	501	160	114
254	288	902	420
459	457	584	576
114	518	42	25
463	478	76	77
92	90	382	226
108	123	114	102
673	659	924	920
862	317	676	656
636	6	5	1
448	459	775	55
741	257	42	25
808	50	312	170
417	424	212	170
542	317	42	25
155	523	994	99
787	172	302	788
985	934	644	123
738	11	496	206
836	944	534	210
894	611	52	28
851	612	245	177
221	300	821	490
947	381	678	656
668	660	966	958
110	120	305	180
1001	245	734	18
267	253	380	378
345	177	591	576
31	624	28	23
718	874	669	320
730	728	774	711
384	244	766	55
3	421	808	490
678	320	259	178
692	57	782	414
85	86	359	189
647	234	255	170
592	582	261	178
33	68	565	548
152	346	112	102
494	184	414	782
733	654	108	102
302	225	181	176
178	269	504	268
862	336	16	6
591	615	53	28
270	543	914	867
270	543	324	22
764	769	881	15
366	230	365	191
335	546	465	450
352	199	121	103
674	685	421	9
317	200	384	237
822	809	3	1
83	52	19	6
842	345	750	258
352	15	888	286
998	994	603	578
874	718	681	320
441	432	354	125
170	169	295	179
89	80	850	49
1000	993	856	851
565	320	315	180
808	828	677	320
884	842	952	948
675	680	425	174
176	410	810	620
486	876	934	21
633	617	695	686
523	145	33	24
679	684	457	36
516	133	40	25
163	149	464	36
938	833	740	717
454	806	123	22
128	119	155	109
729	960	366	191
718	816	264	179
44	30	806	490
178	264	415	432
996	746	129	106
490	624	484	37
973	6	722	457
37	98	117	102
82	87	135	106
506	602	790	302
159	123	516	126
159	152	870	74
940	937	317	22
767	696	566	548
112	129	110	102
411	391	87	81
512	278	404	384
708	714	719	457
405	380	267	179
615	576	849	49
451	464	53	28
157	127	283	22
95	31	69	58
537	229	82	80
738	737	512	281
802	717	343	185
766	30	810	620
86	93	501	206
618	748	700	686
11	736	419	125
480	448	237	22
505	509	574	550
719	45	111	102
718	460	288	123
933	929	968	958
961	630	432	415
702	759	219	170
619	628	454	49
165	174	45	25
275	215	943	799
117	201	342	185
215	123	927	397
13	1	574	550
298	177	108	102
265	299	372	196
905	296	664	656
183	262	896	597
817	21	404	384
820	618	167	166
625	816	129	106
303	178	37	25
49	817	699	686
859	861	315	180
735	716	98	32
843	841	762	55
312	323	205	170
589	608	97	32
990	872	297	123
755	820	210	22
582	578	218	170
525	840	327	22
995	354	220	170
59	23	586	576
682	671	607	544
336	179	842	16
923	922	53	28
197	281	782	414
3	422	134	106
695	712	332	22
845	19	594	577
991	872	291	170
844	6	925	922
548	574	635	16
722	484	1	3
432	439	169	11
859	861	54	28
141	110	945	800
870	65	201	22
185	532	110	102
513	246	279	179
801	553	613	578
499	343	437	415
658	685	676	656
989	872	37	25
98	48	792	789
984	630	57	28
989	991	107	102
474	447	136	106
507	290	794	88
992	1002	386	226
857	861	6	1
497	301	440	415
782	172	635	16
307	178	548	549
258	239	704	686
73	72	418	172
276	195	413	171
232	366	832	50
144	137	435	415
459	462	141	106
787	783	687	686
159	162	680	656
465	469	499	206
245	341	108	102
471	285	241	22
809	806	270	22
523	185	194	176
200	445	371	196
722	45	597	578
553	575	297	123
25	98	149	106
79	736	48	25
136	161	641	15
521	345	413	171
429	125	351	186
200	184	909	867
744	748	386	226
95	37	732	168
168	170	189	22
151	108	253	22
107	251	125	103
735	11	118	102
232	279	850	49
880	830	240	170
182	369	367	22
685	671	655	283
990	988	179	22
325	180	327	22
930	737	65	58
681	239	128	106
668	320	881	15
882	639	777	713
634	21	282	179
514	186	353	170
172	435	409	384
956	655	994	99
826	631	650	648
54	50	270	22
957	959	190	22
304	534	502	206
71	58	58	28
373	361	7	1
683	656	781	523
8	232	155	109
808	50	20	6
379	226	263	179
228	248	741	77
402	396	704	686
259	753	990	987
755	178	743	169
131	127	427	174
814	810	921	920
203	349	153	109
833	21	580	576
151	149	161	114
553	801	465	450
820	618	958	540
664	685	403	384
931	737	593	577
264	226	781	523
232	166	866	849
573	569	861	592
862	375	481	45
564	573	495	228
734	168	912	867
254	334	44	25
376	365	212	170
781	189	279	179
402	383	188	170
762	770	953	948
626	28	384	237
574	548	496	206
193	295	790	302
604	590	284	179
298	506	422	9
299	178	634	635
852	243	206	22
746	11	35	24
875	50	14	6
109	288	326	123
1002	992	824	621
254	277	901	605
928	921	724	457
96	326	958	540
916	307	141	106
182	357	466	450
437	439	5	1
99	54	378	379
945	836	900	600
395	393	500	206
49	449	299	179
246	193	785	414
528	109	410	308
38	98	367	22
192	201	440	415
862	209	266	22
920	926	755	258
747	833	64	62
736	739	582	576
963	965	124	103
259	185	171	166
716	5	357	8
452	469	243	170
371	654	792	789
665	312	780	523
538	240	550	548
49	43	302	788
192	177	133	106
66	58	66	62
772	57	224	22
757	735	865	849
390	402	689	686
357	211	973	21
182	283	346	125
656	682	363	191
192	342	390	378
90	80	105	102
1002	992	521	91
962	630	930	743
159	199	893	16
507	299	627	50
477	455	359	189
159	152	683	657
906	22	103	102
67	103	360	170
801	553	206	22
741	76	309	170
802	925	428	174
840	973	688	686
456	719	468	450
622	821	176	170
394	397	198	22
187	289	688	686
97	121	414	782
905	242	630	21
637	352	4	1
131	190	564	548
258	253	498	203
593	843	703	686
741	79	613	578
451	872	229	170
303	189	328	22
156	147	912	867
32	27	312	170
203	647	120	103
598	603	954	544
562	570	653	317
3	916	313	180
884	341	331	184
5	2	183	176
201	641	577	576
527	147	735	77
474	65	391	378
691	712	15	6
749	319	746	61
265	194	427	174
138	162	530	202
424	125	621	50
294	529	866	849
264	222	317	22
839	845	399	381
766	710	671	320
529	266	944	800
829	623	267	179
379	327	706	686
803	262	427	174
677	256	642	265
103	292	198	22
773	688	846	16
495	314	499	206
16	14	48	25
49	48	141	106
412	378	588	576
276	343	231	170
487	874	458	36
857	861	426	174
896	595	750	258
961	630	469	450
550	575	588	576
479	48	697	686
507	278	210	22
910	489	388	237
60	27	563	548
494	170	496	206
398	400	617	616
990	988	575	566
67	73	940	935
150	216	678	656
402	401	622	50
867	346	518	125
754	758	789	302
381	904	39	25
90	82	661	320
7	19	608	578
714	697	320	170
295	330	468	450
350	349	771	713
8	182	171	166
634	16	573	550
783	172	593	577
973	6	74	65
737	733	82	80
81	797	423	174
805	624	479	45
265	520	380	378
350	481	115	102
774	697	158	111
215	233	690	686
524	196	881	15
305	229	210	22
961	630	373	196
164	140	433	432
315	307	682	657
79	78	104	102
914	865	49	25
457	491	460	36
241	346	337	184
737	954	357	8
489	478	609	578
786	783	802	739
506	240	518	125
216	310	438	415
719	456	128	106
191	292	255	170
1003	992	462	36
788	180	431	174
102	154	438	415
819	750	985	833
100	86	112	102
35	55	116	102
985	820	143	106
664	659	418	172
284	337	215	170
593	901	380	378
660	680	789	302
992	383	425	174
960	220	572	549
810	804	426	174
416	431	680	656
817	618	226	170
447	480	966	958
680	684	783	414
591	607	433	432
33	60	485	37
68	59	168	166
540	224	709	687
905	359	256	22
759	456	398	381
454	546	246	123
195	382	107	102
69	59	736	77
678	674	234	22
938	833	759	55
741	76	198	22
381	403	336	22
560	801	378	379
815	822	298	179
498	196	143	106
448	468	200	170
329	216	818	620
541	373	829	50
400	399	792	789
712	711	248	22
707	53	591	576
637	191	692	686
411	383	348	186
456	812	462	36
926	972	498	203
40	710	578	576
701	53	308	180
177	318	832	50
720	877	227	170
32	486	561	548
796	81	234	22
991	989	563	548
540	257	936	935
487	448	243	170
138	163	134	106
528	111	14	6
777	778	226	170
289	74	713	55
262	183	861	592
411	387	686	687
759	47	433	432
124	137	48	25
119	136	712	694
641	213	140	106
327	312	735	77
520	132	945	800
156	119	381	378
716	741	696	686
885	884	502	206
144	174	206	22
155	143	413	171
264	285	894	597
51	778	131	106
761	774	96	32
132	515	368	195
986	934	335	184
492	776	95	32
917	738	892	840
233	215	497	203
432	172	807	620
650	317	135	106
682	684	303	180
974	840	496	206
964	21	900	600
939	934	223	170
33	23	16	6
33	81	759	55
423	413	239	170
280	495	604	578
387	403	463	36
455	470	234	22
733	628	111	102
747	11	695	686
805	819	886	286
795	81	795	88
563	575	673	320
270	654	173	166
359	309	277	179
12	262	183	176
306	224	462	36
929	841	593	577
956	737	500	206
660	679	34	24
331	224	953	948
248	349	286	179
881	265	639	125
113	266	471	74
421	172	973	21
868	275	143	106
348	235	157	109
972	926	125	103
547	245	796	91
908	377	179	22
970	366	534	210
354	214	937	935
931	933	358	170
706	57	293	179
195	194	630	21
172	435	129	106
6	10	663	656
314	9	992	398
40	42	243	170
1003	475	15	6
783	787	325	22
71	472	532	205
83	87	914	867
97	88	967	958
350	180	650	648
693	710	275	74
583	613	966	958
979	184	709	687
540	311	713	55
378	400	390	378
10	3	149	106
295	334	586	576
6	841	177	170
386	395	179	22
193	677	173	166
586	608	987	990
476	246	668	656
121	160	96	32
992	1003	566	548
277	188	551	548
452	641	658	656
550	575	486	37
505	263	770	711
954	235	871	74
220	341	796	91
993	999	29	23
784	172	452	447
372	529	347	186
810	811	514	343
759	28	208	170
78	75	969	958
15	228	393	378
196	178	395	381
121	110	267	179
91	45	708	687
128	103	923	397
222	292	287	179
77	739	893	16
759	688	911	867
157	115	182	22
310	361	121	103
182	281	336	22
728	168	875	830
479	628	412	308
564	575	363	191
369	246	734	18
88	96	491	49
756	717	329	22
629	821	920	921
128	161	321	22
531	217	28	23
94	82	651	648
316	235	944	800
798	144	770	711
795	81	532	205
266	473	348	186
29	52	381	378
805	37	822	490
145	105	851	852
671	203	584	576
808	626	282	179
853	612	958	540
380	392	313	180
683	320	864	849
62	58	242	22
743	934	256	22
885	189	189	22
17	13	672	656
49	487	19	6
364	255	188	170
397	400	458	36
360	314	695	686
477	65	291	170
847	14	628	50
228	419	967	958
265	645	871	74
906	241	281	170
292	184	968	958
930	169	335	184
639	162	796	91
161	120	300	179
779	523	323	22
829	626	954	544
502	305	707	686
303	371	902	420
276	190	455	36
278	195	398	381
742	716	465	450
503	124	849	49
248	271	605	578
926	920	913	867
667	683	670	656
760	696	366	191
237	377	718	457
29	58	951	948
852	587	294	22
324	257	840	16
560	572	235	170
610	896	560	548
559	570	369	196
408	391	129	106
529	189	370	196
854	861	737	169
376	180	793	88
975	889	218	170
38	832	627	50
381	405	543	234
208	183	24	23
272	221	927	397
392	237	131	106
757	735	153	109
784	172	457	36
202	306	642	265
289	210	909	867
828	621	203	22
44	24	267	179
553	320	636	16
750	631	87	81
716	5	795	88
517	129	157	109
903	423	68	58
320	557	683	657
462	447	792	789
555	320	302	788
60	92	372	196
563	801	941	935
812	818	86	80
895	595	546	22
839	194	194	176
28	45	660	656
31	621	852	612
387	400	640	265
183	238	95	32
311	22	473	74
310	314	350	170
975	889	796	91
961	962	668	656
608	897	967	958
810	630	194	176
113	326	118	102
924	922	375	196
314	481	5	1
377	350	742	77
803	262	27	23
925	802	508	272
778	55	27	23
660	679	304	180
72	23	367	22
922	923	85	80
927	399	223	170
289	194	305	180
545	243	62	63
880	479	846	16
13	6	129	106
987	476	58	28
6	321	537	214
553	575	352	22
862	209	379	237
376	255	750	258
366	211	32	24
706	771	805	490
124	155	227	170
746	744	217	170
452	468	622	50
450	306	103	102
177	270	577	576
53	44	959	540
120	154	83	32
210	275	119	102
796	88	5	1
181	188	217	170
54	55	659	656
32	23	20	6
654	547	172	166
669	221	711	55
172	135	786	414
1003	992	9	3
46	623	271	179
994	998	551	548
302	257	330	184
967	540	771	713
575	573	153	109
3	7	866	849
938	833	926	922
997	1000	783	414
708	759	166	167
1000	460	542	22
312	543	477	74
557	344	623	50
220	536	634	635
711	691	661	320
934	636	128	106
857	861	463	36
256	665	287	179
635	6	747	169
697	762	87	81
565	801	765	55
531	177	655	283
966	968	544	169
476	280	683	657
768	58	214	22
758	259	310	22
763	492	294	22
631	40	854	851
906	198	18	6
718	880	530	202
136	633	145	106
280	189	435	415
321	370	767	492
670	683	703	686
620	43	215	170
641	326	746	61
188	455	68	58
854	861	799	125
303	301	891	521
568	571	396	381
486	876	40	25
766	700	435	415
955	544	704	686
757	735	27	23
188	192	13	5
685	679	498	203
805	815	605	578
513	289	605	578
876	875	120	103
468	465	111	102
613	976	82	80
7	20	456	36
543	191	181	176
174	800	686	687
261	271	429	174
100	86	403	384
816	629	332	22
294	237	711	55
165	167	825	621
470	275	366	191
354	231	501	206
559	320	851	852
746	748	201	22
701	759	372	196
944	419	610	578
265	243	74	65
312	285	373	196
259	261	777	713
525	129	42	25
893	842	239	170
948	397	379	237
941	833	71	62
283	330	514	343
424	416	950	396
150	138	492	456
256	481	267	179
909	355	966	958
386	210	669	320
601	899	934	21
728	168	478	37
83	52	825	621
861	860	293	179
587	610	471	74
430	417	465	450
665	194	194	176
31	848	68	58
528	130	714	55
456	811	605	578
845	21	151	107
861	857	448	36
419	346	226	170
6	341	949	396
422	257	237	22
255	166	122	103
968	960	945	800
748	166	42	25
286	173	373	196
83	98	403	384
921	397	99	993
929	841	741	77
62	72	194	176
643	261	203	22
136	515	21	6
272	357	342	185
280	123	795	88
908	377	792	789
911	865	385	378
261	359	815	620
300	493	635	16
975	889	537	214
188	321	684	657
537	536	569	548
884	266	563	548
273	296	594	577
678	684	719	457
592	582	242	22
337	312	821	490
102	145	635	16
944	419	788	302
619	623	439	415
28	98	668	656
786	787	936	935
228	349	157	109
483	849	103	102
270	326	124	103
432	172	128	106
108	131	991	987
266	321	13	5
612	589	526	136
802	920	179	22
702	712	288	123
565	572	142	106
55	27	569	548
963	827	852	612
915	215	851	852
876	478	684	657
854	612	417	172
789	180	864	849
962	630	96	32
873	475	381	378
153	145	102	103
238	536	276	179
238	358	725	458
178	340	6	1
306	293	161	114
231	367	117	102
693	695	836	799
418	990	131	106
208	533	629	50
686	713	481	45
796	41	712	694
769	773	754	258
893	18	610	578
796	83	173	166
522	266	772	55
203	310	249	177
377	360	63	58
31	996	793	88
883	943	547	250
680	675	862	363
705	714	524	96
574	566	80	32
943	125	551	548
84	85	766	55
142	174	986	833
949	953	253	22
756	736	112	102
730	439	530	202
622	832	828	631
625	819	534	210
115	118	224	22
225	253	357	8
742	317	192	176
38	830	158	111
696	760	612	578
329	237	117	102
886	293	233	22
110	116	229	170
850	485	986	833
72	64	607	544
533	191	713	55
830	38	954	544
233	364	356	170
914	865	270	22
163	138	513	285
744	737	559	548
225	384	741	77
56	47	769	711
949	397	201	22
355	222	286	179
196	384	738	77
264	289	515	126
847	14	320	170
356	305	110	102
785	172	218	170
459	464	937	935
839	893	619	616
534	186	157	109
479	726	301	179
364	326	466	450
484	720	203	22
817	825	656	657
183	567	676	656
150	132	352	22
368	226	968	958
436	415	879	479
714	712	325	22
512	264	762	55
702	57	255	170
581	608	557	548
744	743	408	384
165	167	409	384
773	774	388	237
56	70	476	74
272	241	752	258
873	470	51	28
967	540	39	25
607	731	381	378
310	542	193	176
273	181	818	620
592	901	129	106
323	711	696	686
253	349	434	415
714	710	187	170
8	228	774	711
453	456	425	174
333	249	16	6
36	44	959	540
271	290	412	308
329	318	423	174
358	239	856	851
951	953	15	6
871	472	498	203
730	168	813	490
112	246	259	178
31	45	249	177
185	258	871	74
92	88	469	450
858	612	202	170
776	768	786	414
738	756	38	25
277	227	409	384
574	565	737	169
185	501	241	22
471	263	912	867
333	314	62	63
39	57	503	264
504	508	724	457
168	270	562	548
736	716	721	457
60	32	142	106
431	125	151	107
257	360	67	58
13	17	418	172
842	343	877	479
911	865	783	414
329	252	668	656
323	330	681	320
1	21	405	384
127	972	380	378
177	358	173	166
701	759	888	286
502	198	527	135
650	242	863	365
262	257	43	25
64	73	476	74
415	436	716	11
960	729	33	24
229	534	967	958
946	286	142	106
531	238	58	28
603	852	494	263
445	170	912	867
754	820	268	179
616	632	804	620
210	495	365	191
362	512	187	170
264	598	632	50
284	505	948	396
184	227	791	302
63	28	27	23
340	241	900	600
627	479	895	597
720	456	991	987
398	397	774	711
435	172	244	170
906	296	157	109
982	608	661	320
984	747	439	415
481	212	714	55
969	540	334	22
746	166	428	174
257	336	334	22
984	168	69	58
486	879	476	74
876	481	814	490
221	669	154	109
757	735	697	686
517	152	369	196
416	166	434	415
748	631	668	656
872	871	429	174
918	18	627	50
588	612	200	170
640	185	630	21
936	833	966	958
856	852	234	22
733	363	218	170
575	548	242	22
122	528	391	378
543	230	295	179
240	535	274	179
247	282	56	28
788	792	76	77
451	25	561	548
396	241	384	237
545	542	766	55
365	216	460	36
583	594	227	170
191	547	33	24
625	807	187	170
707	713	894	597
38	627	731	168
30	50	256	22
723	484	99	993
220	308	128	106
934	961	542	22
163	117	595	578
486	448	814	490
156	140	393	378
346	356	966	958
632	478	144	106
894	607	281	170
723	874	628	50
337	547	775	55
308	242	765	55
91	86	222	22
366	205	70	58
459	462	468	450
26	98	542	22
812	630	665	320
50	822	176	170
426	417	193	176
734	540	360	170
891	326	447	36
1003	475	594	577
827	544	610	578
241	346	679	656
539	236	734	18
186	302	656	657
450	372	176	170
360	214	472	74
537	349	253	22
716	77	807	620
913	865	701	686
844	14	937	935
211	352	35	24
97	25	674	656
526	139	659	656
88	57	546	22
489	482	35	24
587	615	54	28
206	197	634	635
449	49	869	74
509	269	716	11
740	756	943	799
157	639	26	23
473	65	216	170
474	871	70	58
737	731	438	415
549	801	737	169
728	168	692	686
313	203	546	22
191	496	1	3
144	527	234	22
412	391	91	32
543	270	258	178
686	712	437	415
933	931	717	11
456	482	643	265
369	236	775	55
687	711	913	867
179	15	486	37
596	852	205	170
556	573	509	273
237	349	859	851
289	237	540	219
577	613	584	576
888	887	747	169
349	182	920	921
720	727	257	9
649	364	644	123
250	541	235	170
931	748	651	648
926	972	925	922
265	233	1	3
408	388	299	179
924	922	604	578
955	841	99	993
242	218	675	656
278	224	194	176
325	307	792	789
527	114	755	258
441	432	500	206
429	413	46	25
798	103	143	106
951	396	785	414
640	321	228	170
839	16	367	22
749	250	30	23
12	11	527	135
265	358	77	76
523	522	99	993
97	46	561	548
280	282	670	656
378	403	406	384
799	882	5	1
168	608	235	170
610	896	5	1
541	356	37	25
998	99	557	548
686	713	113	102
736	739	629	50
129	104	243	170
461	459	862	363
368	234	680	656
873	74	284	179
53	40	922	802
338	205	686	687
258	497	998	993
904	395	431	174
913	865	925	922
322	210	187	170
605	587	927	397
624	827	634	635
287	507	498	203
973	16	785	414
1004	978	308	180
748	828	750	258
145	266	752	258
490	488	20	6
375	296	273	179
988	991	978	330
29	46	74	65
45	762	865	849
397	388	786	414
457	449	343	185
332	188	624	50
634	16	851	852
38	30	50	25
948	397	681	320
816	462	343	185
342	354	20	6
166	225	303	180
167	734	655	283
249	329	66	62
614	580	793	88
350	532	71	62
183	250	869	74
226	266	580	576
467	371	959	540
474	447	829	50
373	217	869	74
982	732	926	922
170	537	802	739
189	884	222	22
90	95	761	55
496	326	769	711
936	833	449	447
832	31	207	170
95	25	863	365
185	356	588	576
305	212	871	74
62	58	62	63
180	356	719	457
915	215	843	19
831	806	665	320
358	178	898	597
156	107	390	378
423	418	627	50
244	267	345	185
113	257	197	176
344	269	922	802
993	1000	839	18
109	419	392	378
342	543	209	22
96	48	591	576
400	384	636	16
132	124	59	30
744	166	196	9
656	383	376	22
430	418	681	320
782	787	500	206
220	346	659	656
595	581	526	136
492	775	664	656
826	49	397	381
79	741	719	457
664	683	858	851
269	497	572	549
461	462	328	22
444	196	266	22
432	437	596	578
931	169	688	686
419	144	563	548
905	248	106	102
376	270	613	578
808	629	679	656
116	104	258	178
873	451	383	378
364	267	596	578
418	420	512	281
435	31	438	415
740	716	501	206
390	402	691	686
162	130	323	22
956	243	613	578
618	655	68	58
432	438	600	578
180	321	822	490
743	11	213	22
243	9	408	384
858	612	203	22
599	583	688	686
737	735	710	51
521	523	924	920
564	573	865	849
619	631	154	109
651	652	204	22
116	126	473	74
233	603	409	384
904	397	199	176
54	43	397	381
650	325	53	28
542	204	206	22
94	88	17	6
794	81	457	36
112	519	389	237
39	628	37	25
510	185	332	22
302	250	34	24
509	505	190	22
638	639	406	384
595	588	83	32
682	677	794	88
935	833	939	935
34	40	260	178
164	161	216	170
338	347	359	189
884	265	350	170
518	145	367	22
166	255	762	55
75	78	201	22
39	33	850	49
535	239	287	179
249	305	354	125
159	130	348	186
452	45	667	656
221	530	398	381
478	491	843	19
565	574	671	320
714	689	782	414
828	808	406	384
134	185	843	19
42	46	16	6
647	237	627	50
293	301	637	15
866	850	829	50
962	961	561	548
831	41	953	948
860	861	547	250
152	131	578	576
943	835	440	415
344	221	391	378
401	387	568	548
689	69	223	170
446	261	327	22
240	388	920	921
668	680	312	170
51	760	736	77
129	266	931	743
396	920	272	179
999	993	331	184
923	947	704	686
566	570	780	523
723	877	610	578
243	185	903	426
42	39	338	22
408	383	739	717
93	32	991	987
868	869	350	170
226	365	636	16
466	447	24	23
820	627	125	103
778	696	680	656
778	55	546	22
290	265	693	686
30	61	777	713
627	748	698	686
1	10	724	457
19	954	371	196
129	151	594	577
474	65	820	620
872	990	997	993
28	775	255	170
8	894	39	25
493	271	187	170
104	158	577	576
736	11	246	123
832	478	62	63
435	436	186	170
849	25	206	22
436	433	309	170
914	355	242	22
906	317	793	88
263	338	548	549
544	592	670	656
432	440	630	21
231	213	221	22
573	562	228	170
760	706	109	102
717	802	335	184
822	810	45	25
389	390	506	271
919	18	739	717
146	115	258	178
186	358	788	302
556	575	135	106
161	119	809	620
56	65	427	174
768	688	212	170
268	188	347	186
889	975	131	106
330	1004	200	170
519	644	660	656
725	726	7	1
542	221	430	174
17	16	317	22
953	951	251	22
382	191	487	37
904	381	222	22
832	629	704	686
823	618	454	49
517	154	269	179
686	711	986	833
50	804	168	166
28	773	557	548
803	262	939	935
624	46	71	62
284	504	836	799
576	597	762	55
413	414	328	22
61	46	860	851
213	506	18	6
347	356	361	170
433	438	360	170
76	717	142	106
652	325	986	833
631	827	496	206
240	332	987	990
743	933	318	170
125	110	329	22
715	717	222	22
50	61	313	180
779	523	770	711
508	268	57	28
865	914	427	174
885	345	673	320
188	330	639	125
328	648	652	648
54	48	929	737
882	344	524	96
709	51	392	378
940	833	806	490
467	466	287	179
218	267	212	170
979	294	168	166
943	419	652	648
519	266	296	22
682	678	600	578
314	9	131	106
18	17	819	620
564	570	258	178
429	171	242	22
655	624	170	8
811	625	516	126
824	820	297	123
608	580	173	166
891	326	629	50
229	376	308	180
82	92	121	103
1003	476	86	80
290	509	673	320
551	574	992	398
974	892	276	179
264	294	139	106
966	968	173	166
288	231	413	171
125	235	653	317
42	34	672	656
459	460	337	184
152	120	271	179
630	283	386	226
752	203	654	317
630	169	986	833
255	213	107	102
244	388	72	58
787	782	575	566
666	659	853	851
74	278	344	185
727	723	588	576
617	629	465	450
900	599	171	166
915	240	466	450
339	648	283	22
320	323	118	102
493	268	574	550
982	729	222	22
141	161	926	922
14	22	222	22
503	277	782	414
719	880	418	172
139	159	855	851
10	3	102	103
966	540	555	548
550	575	943	799
524	345	421	9
490	478	407	384
764	696	542	22
891	96	550	548
444	326	861	592
107	131	57	28
888	288	852	612
34	29	13	5
565	572	204	22
137	326	235	170
415	417	831	50
399	391	134	106
579	607	69	58
458	37	718	457
197	267	519	125
463	447	392	378
320	565	978	330
155	119	720	457
542	370	780	523
937	938	701	686
783	787	958	540
422	417	407	384
571	515	134	106
657	239	466	450
399	401	742	77
961	934	742	77
968	960	526	136
91	889	228	170
454	811	54	28
331	267	585	576
776	765	966	958
507	287	657	320
64	73	667	656
370	145	253	22
786	787	53	28
387	400	445	231
472	872	416	172
104	124	693	686
581	614	163	114
154	107	812	490
629	434	458	36
639	651	127	106
898	603	501	206
834	836	315	180
18	729	303	180
882	326	138	106
205	282	331	184
995	354	301	179
646	190	874	479
201	227	931	743
672	683	32	24
158	105	244	170
638	320	280	179
753	259	139	106
560	572	229	170
663	685	157	109
797	81	36	25
501	186	573	550
151	156	249	177
957	959	508	272
