-1	1516	402	
2181	291	
1969	3460	-1	1556	3518	620	2864	
3433	
2083	782	1779	218	1780	1497	695	2081	1783	508	2078	49	758	2087	2079	688	1782	837	1510	835	711	2077	687	3283	2088	2080	
-1	-1	-1	-1	-1	2957	1227	
304	357	1710	2436	1343	1938	1633	248	1889	3504	
2298	2232	577	2231	135	2399	2265	72	1286	2289	768	2273	1457	769	
900	98	172	
2357	1830	394	1692	2837	-1	418	
884	2108	559	1701	1540	2112	1920	
2358	-1	3616	2748	
866	1724	
3242	1599	3037	3535	
2334	721	1486	2335	3347	3621	2333	1827	2336	1700	
3228	-1	3227	2567	
505	507	
97	450	220	497	362	123	
582	1091	
1143	2501	1988	1987	2511	1001	1521	865	2524	992	674	2508	45	2505	1531	1529	1510	2504	1004	2509	1528	
838	2460	586	1927	1405	108	
138	150	
494	726	417	
1938	2437	-1	1016	2837	2436	
499	758	478	438	753	756	262	757	492	330	749	-1	
24	1302	2226	1678	17	16	20	2026	152	913	1303	823	30	
274	2907	3503	2276	622	315	662	231	670	1250	425	318	84	
1985	1529	2524	674	992	133	1604	1510	1521	1531	1988	1987	1986	865	993	950	
2715	2716	2717	
2680	288	124	
655	-1	733	
-1	-1	-1	-1	3555	3562	
1531	593	1523	1526	1521	674	1525	1529	1528	1510	2524	1527	992	
1261	1307	2250	2251	1242	2249	2247	
2952	944	488	534	742	186	2391	2229	955	-1	2244	1146	
2350	1580	1912	1170	2348	
2001	1788	2761	
183	1581	236	1576	
2929	2526	3081	1569	2004	
2119	3378	442	879	2220	2746	2466	1944	789	294	758	3379	
-1	3115	2070	1166	2469	1625	2071	3077	2073	1292	2075	2076	2074	1316	-1	1122	
2745	-1	-1	
2259	2441	-1	
2770	-1	2345	-1	-1	817	
-1	-1	3447	-1	-1	-1	416	-1	
1162	448	3176	2413	329	3177	2416	1894	
427	663	1448	906	1930	1703	1702	1704	
624	727	1549	
655	733	3028	1157	1517	-1	
657	2526	957	2841	465	-1	713	1459	-1	-1	2281	608	2928	1196	80	802	609	2839	345	1032	1943	1450	3081	-1	2175	159	738	3511	2140	355	1083	1112	-1	3235	1480	2993	1569	825	1308	2004	1651	1992	2176	2790	2612	-1	1407	1329	1110	2840	1501	2587	3634	2190	2929	
-1	2069	1886	2757	21	289	
1302	1304	913	152	24	1303	1930	2555	640	1186	2226	1705	1182	1758	1703	1301	27	1614	16	30	1704	663	20	1706	823	1702	427	17	1448	906	1051	1678	
613	1451	
1729	-1	-1	
407	651	468	637	
-1	2408	3299	2086	1198	-1	723	3628	
739	2970	479	-1	1332	-1	-1	1273	
247	1393	341	620	1365	1367	741	1362	1354	1366	3359	1360	1359	109	361	1361	
480	1243	
1962	765	766	2943	
1703	23	
1133	643	1953	-1	340	2049	2021	
1709	3321	2458	
1340	1343	1335	1342	
2399	577	935	2289	72	1286	769	-1	2273	2265	1457	135	2232	-1	175	2231	768	2298	2419	
794	68	804	
160	170	26	
827	1551	-1	-1	
-1	-1	-1	1966	2151	-1	686	-1	-1	-1	
-1	-1	3082	-1	-1	
3310	-1	2732	-1	3361	2118	3012	144	1538	3013	-1	2488	3032	831	2182	3392	1089	
1709	604	270	2373	2813	225	1540	322	2114	2372	481	2111	2112	2115	758	962	2370	1616	2371	1920	1163	
84	2115	2291	884	962	-1	2114	481	513	1920	181	2113	2371	559	1540	2108	506	270	604	2112	225	2111	
3347	1700	1621	2334	1827	2336	1486	
1160	
3292	984	147	895	1626	1618	861	
1214	1669	2065	1455	1469	2068	1470	1471	2063	2062	2066	1458	1719	
1763	769	577	3595	5	1457	127	
1628	666	53	-1	
-1	1740	2503	-1	
184	935	451	5	-1	2419	175	
760	317	746	1923	474	
1978	1519	
2920	2921	
226	1825	546	712	
2119	2813	749	487	884	438	974	446	
2176	2841	1110	2281	159	2839	2840	
-1	-1	-1	3426	-1	1922	-1	-1	1515	
2547	2549	2550	1937	
2348	1912	2350	1580	872	854	1170	
1827	1700	2336	3347	3621	1486	2334	
1802	530	444	591	
2218	1717	545	2216	442	125	874	1010	758	879	2220	1489	2813	102	579	2217	789	1613	2737	498	
152	1703	1303	1301	1930	1678	1302	1304	663	
2391	2244	
438	-1	-1	2320	-1	749	2291	
-1	3513	-1	3514	
3446	924	3445	
2244	458	2540	1417	-1	-1	2391	1770	729	1732	1762	3328	3111	1740	-1	-1	
1596	2859	3422	2882	
2512	25	
431	425	
1672	-1	-1	-1	-1	-1	
-1	2555	-1	-1	3277	1513	3611	2443	
762	511	759	2291	297	279	578	751	264	492	2403	-1	254	
-1	-1	2747	-1	-1	3472	
1017	1900	39	
884	2115	481	506	275	2108	2114	1920	559	604	270	2371	84	225	1540	2112	2291	181	
320	244	1727	333	1728	
273	2681	2669	3106	2573	934	1995	
3634	-1	713	1308	
962	-1	2291	2403	535	306	759	352	751	446	578	
3611	-1	3277	2555	-1	-1	2443	
1444	956	1097	1131	2101	
773	1043	
2012	2428	1723	2425	2048	
1770	2540	
2987	1132	1484	-1	2591	1744	
2009	1031	
2559	553	2130	1574	
-1	-1	3449	2401	-1	2785	-1	-1	785	-1	3475	3588	
92	615	85	167	41	
1090	1040	354	
-1	560	-1	2353	
1747	589	3224	1445	
841	3025	
-1	2891	2893	
1614	1182	1705	1448	1758	1051	1706	
357	-1	3504	1697	
1848	2340	1849	1850	
1968	2530	2502	2531	885	981	
250	282	1653	290	29	779	276	
328	1046	1217	3239	2208	-1	2841	
-1	-1	2341	-1	2128	
367	1041	1263	556	515	2165	2164	
491	1629	1159	356	
1060	1627	
339	1370	621	2842	692	241	100	2844	
3448	2643	
-1	495	2439	3503	
2008	2586	1816	1821	2578	2603	2602	1103	2601	1656	
3407	
537	420	540	
1937	2549	-1	440	2797	60	146	2987	2550	596	2547	1132	431	401	2591	48	439	1484	939	399	1744	-1	541	425	1026	
1152	1151	1075	1153	
438	485	751	749	762	443	-1	2403	747	492	363	665	664	454	
3626	925	
287	1337	216	1336	
-1	2430	-1	
-1	-1	-1	-1	-1	-1	-1	-1	1507	-1	-1	-1	2801	-1	-1	2624	2806	3248	3571	
2783	-1	1100	-1	
2956	-1	-1	
-1	873	
3433	428	3250	
999	1558	1557	805	998	
1879	2121	1801	1290	-1	1207	1246	-1	1768	
2993	738	1992	
1366	3360	2694	1362	741	-1	1354	3359	-1	
2248	1500	-1	817	1283	
93	67	365	
1879	
1111	1857	3404	245	
1524	758	1525	
314	566	1404	951	930	
2612	-1	-1	
1599	1598	725	
2393	1091	
2437	1830	-1	1774	740	394	3227	2837	3228	-1	1016	2357	3433	2567	
633	667	
1601	3207	1029	1509	2719	2743	2742	-1	3109	2196	
2088	2087	2111	3283	604	2091	
1778	2111	1540	856	318	1522	604	2114	
875	2723	267	
750	2588	3163	
2026	640	1302	27	631	1303	1304	1186	1301	
3445	924	1724	3446	866	
1740	-1	3079	2430	1337	1142	2427	740	622	2425	1394	3075	839	3073	2117	-1	1889	1336	1480	287	1113	1633	-1	-1	
3423	1487	-1	
1112	2526	2140	2928	
2931	-1	-1	
105	2951	344	1447	1846	
2164	2165	-1	515	367	
353	374	3305	
2819	1195	2926	928	2485	995	2319	-1	
-1	1681	
304	1710	3075	3076	1638	3079	3072	248	3073	112	
1669	2065	2068	1455	1469	2066	1458	1470	1471	2062	
-1	3306	1879	-1	-1	-1	3614	
83	519	
2164	350	367	2165	515	
472	758	549	297	1789	
-1	2461	1565	2141	33	
2907	495	1048	-1	3503	
211	699	
1830	394	2357	
2036	2037	2039	2038	862	2040	
-1	3072	-1	1340	3052	1638	-1	1710	1697	304	43	1723	-1	1113	357	1343	1938	1633	1341	2406	-1	3412	1889	620	248	-1	1335	2938	112	3076	2012	2727	-1	908	2503	2428	1342	141	1142	
1910	1911	3261	1914	
3547	-1	
299	-1	
3212	1457	1293	
2329	2143	-1	
519	83	-1	495	
2206	1457	135	-1	
1067	1068	1062	
957	609	3511	1943	
2769	3440	-1	961	3439	
2889	2891	-1	
1292	2587	2727	2772	
176	599	1474	1478	1472	1473	1475	109	
367	2165	2164	510	515	
1938	2567	-1	
-1	2009	-1	1031	2021	
338	607	230	1574	
231	662	274	315	670	
1955	-1	-1	-1	2516	2964	2331	-1	-1	
12	9	3	6	11	1	
1925	-1	
468	91	637	630	651	407	
-1	3455	1034	730	
1452	2169	
333	1728	244	1727	320	
1728	1630	7	
3497	107	719	720	
2289	127	1457	759	135	
1722	2048	
3084	855	-1	2626	
627	
2333	2335	721	
2329	2143	1590	3333	-1	
-1	2556	2990	
2051	1950	
2022	2150	3245	310	393	
476	1494	
773	1043	
33	1606	1565	
2932	1990	1892	421	
91	630	2388	651	
1689	1125	324	312	2423	
380	2209	2214	
1639	1973	2500	
1030	
23	1193	915	1301	2814	1819	519	2381	95	2110	
863	852	1441	704	
1425	1185	
2741	1339	2914	
-1	-1	1759	1729	
-1	2625	
902	366	743	898	-1	3314	905	781	1202	
2807	3594	2489	
266	3275	
421	2932	1990	3180	
1030	
-1	900	2090	1126	
1409	1167	1065	
2542	
2533	1251	760	
286	-1	1573	467	
721	
-1	2870	2872	
-1	408	3455	
962	2371	
3319	192	
1254	1845	
264	279	511	
1244	1018	
2211	-1	-1	
2173	186	119	526	
357	3504	1938	1830	2357	3076	394	
2361	524	2389	
308	138	
705	360	474	
2480	402	-1	
2031	1199	412	
2321	-1	
166	1271	
2123	
1856	3164	349	
854	872	
1418	82	
641	653	409	
355	2190	
1518	-1	
1921	
575	3027	
3455	1034	
2363	3517	
622	318	
2921	2922	
2940	2270	
394	2357	1830	
-1	-1	2740	
1703	
1590	3333	
2123	
824	-1	
1623	2354	
-1	1503	
3400	1371	
1094	3095	
1740	2123	2126	
1879	
1728	
673	980	
10	-1	
2123	
1148	824	
